1 1 0 1
1 1 0 2
1 1 0 2
1 1 0 1
1 1 0 1
1 1 0 1
1 1 1 0
1 1 1 3
1 1 1 4
1 1 1 0
1 1 1 2
1 1 1 1
1 1 1 0
1 1 1 0
1 1 1 1
1 1 1 0
1 1 2 2
1 1 2 1
1 1 2 0
1 1 2 0
1 1 3 0
1 1 3 0
1 1 3 0
1 1 4 1
1 1 4 0
1 1 4 2
1 1 4 0
1 1 4 1
1 1 4 4
1 1 4 2
1 1 5 2
1 1 5 0
1 1 5 4
1 1 5 1
1 1 6 4
1 1 6 13
1 1 6 3
1 1 6 0
1 1 6 1
1 1 7 1
1 1 7 4
1 1 8 3
1 1 8 23
1 1 8 4
1 1 9 3
1 1 9 3
1 1 10 5
1 13 11 18
1 2 11 1
1 13 12 24
1 1 12 9
1 1 12 9
1 2 12 5
1 1 13 27
1 1 13 6
1 2 13 16
1 1 13 12
1 13 14 21
1 13 14 25
1 2 14 5
1 1 14 6
1 1 14 12
1 1 14 12
1 2 15 19
1 2 15 3
1 13 16 31
1 1 16 8
1 15 16 32
1 13 17 20
1 13 17 33
1 13 17 39
1 2 17 7
1 2 18 10
1 2 18 0
1 14 19 109
1 2 19 10
1 2 20 53
1 2 20 11
1 14 21 79
1 2 22 6
1 2 22 14
1 2 23 12
1 2 23 14
1 2 23 6
1 2 23 1
1 2 24 18
1 13 26 34
1 2 26 22
1 13 27 42
1 2 27 23
1 2 27 43
1 14 28 79
1 2 28 16
1 2 30 56
1 14 31 51
1 2 34 45
1 2 34 56
1 2 34 25
1 2 36 55
1 2 37 25
1 2 39 34
1 2 40 50
1 2 40 132
1 2 43 78
1 2 44 32
1 2 47 39
1 2 60 103
2 1 0 1
2 1 0 1
2 1 1 0
2 1 1 0
2 1 1 1
2 1 1 0
2 1 2 4
2 1 3 1
2 1 4 1
2 1 5 0
2 1 6 2
2 1 6 2
2 1 7 3
2 1 9 2
2 1 10 1
2 1 10 2
2 1 10 0
2 1 10 0
2 4 11 3
2 4 11 1
2 4 11 2
2 1 11 1
2 1 11 1
2 1 11 3
2 1 12 3
2 4 13 0
2 1 13 0
2 1 13 3
2 4 13 11
2 1 14 5
2 4 15 1
2 4 17 1
2 9 17 0
2 4 17 7
2 1 17 4
2 9 17 3
2 9 17 6
2 4 17 4
2 9 18 1
2 9 19 10
2 4 19 2
2 9 19 1
2 4 19 6
2 9 19 0
2 4 19 1
2 1 20 1
2 1 20 71
2 4 21 0
2 9 21 1
2 4 21 4
2 9 21 3
2 27 23 144
2 4 23 4
2 4 23 1
2 4 23 1
2 9 23 5
2 9 25 17
2 9 25 7
2 4 25 3
2 1 25 44
2 4 25 4
2 4 26 3
2 1 26 27
2 4 27 24
2 9 27 3
2 9 29 7
2 9 30 7
2 9 30 10
2 4 32 1
2 4 32 4
2 9 32 12
2 9 34 4
2 9 34 21
2 4 35 8
2 9 36 4
2 9 37 30
2 4 38 1
2 9 38 3
2 9 39 18
2 4 39 23
2 4 39 5
2 9 40 31
2 4 41 6
2 4 42 8
2 4 43 9
2 4 46 8
2 9 47 28
2 4 51 35
2 4 54 51
2 4 57 25
2 9 60 11
3 1 0 1
3 1 0 1
3 1 0 1
3 1 1 0
3 1 1 0
3 1 1 0
3 1 1 0
3 1 2 2
3 1 2 12
3 1 2 7
3 1 2 0
3 1 3 5
3 1 3 1
3 1 3 2
3 1 3 11
3 1 3 10
3 1 3 1
3 1 3 3
3 1 3 1
3 1 3 3
3 1 3 2
3 1 4 36
3 1 4 3
3 1 5 14
3 1 5 16
3 3 7 11
3 3 7 11
3 3 7 10
3 3 7 6
3 3 8 6
3 3 8 14
3 1 9 2
3 3 9 0
3 1 9 0
3 3 10 3
3 3 13 10
3 3 13 18
3 3 13 16
3 3 14 12
3 3 14 5
3 3 14 4
3 7 15 36
3 3 15 15
3 3 15 21
3 3 15 58
3 3 16 13
3 3 17 21
3 3 17 7
3 3 18 45
3 3 18 28
3 3 19 34
3 3 21 22
3 3 21 30
3 3 22 33
3 3 23 34
3 7 25 36
3 3 26 65
3 3 26 45
3 3 31 14
3 23 37 73
3 3 37 30
3 3 40 52
4 1 0 1
4 1 0 1
4 1 0 1
4 1 0 1
4 1 0 1
4 1 0 2
4 1 0 1
4 1 0 1
4 1 1 2
4 1 1 1
4 1 1 0
4 1 1 0
4 1 1 0
4 1 1 0
4 1 1 0
4 1 2 0
4 1 2 0
4 1 3 4
4 1 4 2
4 1 4 2
4 1 7 13
4 1 7 4
4 1 7 4
4 1 9 11
4 1 9 6
4 6 9 1
4 1 10 0
4 1 11 14
4 1 11 7
4 6 13 9
4 6 13 6
4 6 14 6
4 6 17 14
4 6 18 13
4 6 19 13
4 6 19 7
4 6 19 7
4 6 20 7
4 6 20 16
4 11 23 37
4 6 23 22
4 6 24 60
4 11 24 37
4 6 24 30
4 6 24 23
4 6 25 22
4 11 26 40
4 6 27 43
4 6 27 18
4 6 29 23
4 6 30 95
4 6 30 25
4 6 31 38
4 6 34 60
4 6 34 61
4 6 35 89
5 1 0 1
5 1 0 1
5 1 0 2
5 1 0 1
5 18 1 7
5 1 1 4
5 1 1 1
5 18 2 28
5 1 2 3
5 1 2 1
5 1 2 4
5 1 2 11
5 1 2 1
5 1 2 1
5 1 2 0
5 1 3 6
5 7 3 18
5 1 3 0
5 1 3 4
5 1 3 2
5 1 3 6
5 1 3 0
5 1 5 9
5 1 5 4
5 7 6 18
5 1 6 1
5 1 7 9
5 18 7 74
5 1 7 8
5 1 8 21
5 16 8 26
5 16 8 9
5 16 9 11
5 1 9 6
5 25 10 35
5 25 11 43
5 25 11 30
5 16 11 16
5 16 12 10
5 16 12 7
5 25 13 26
5 25 14 33
5 16 14 5
5 16 16 14
5 16 17 7
5 16 18 16
5 16 19 11
5 25 23 89
5 16 24 85
5 16 26 28
5 16 28 35
5 16 29 50
5 16 30 45
5 16 38 42
6 1 0 1
6 1 1 0
6 1 1 1
6 1 1 0
6 1 1 0
6 1 3 1
6 1 4 1
6 1 4 0
6 1 5 1
6 1 5 3
6 1 5 1
6 1 5 1
6 1 6 2
6 1 7 18
6 1 7 0
6 1 9 0
6 5 11 5
6 1 11 3
6 5 12 2
6 5 16 4
6 5 16 5
6 5 18 16
6 5 19 6
6 5 19 4
6 5 19 9
6 5 21 20
6 5 22 12
6 5 22 19
6 5 23 9
6 5 23 15
6 5 24 20
6 5 25 47
6 5 25 21
6 5 25 8
6 5 26 14
6 5 26 11
6 5 27 22
6 5 28 23
6 5 30 40
6 5 32 14
6 5 33 21
6 5 33 27
6 5 33 23
6 5 34 12
6 5 34 16
6 5 37 46
6 5 38 15
6 5 39 45
6 5 39 99
7 1 0 1
7 1 0 4
7 1 1 0
7 1 1 2
7 1 1 0
7 1 1 1
7 1 1 3
7 1 1 0
7 1 2 0
7 1 3 5
7 1 3 0
7 1 3 2
7 1 3 0
7 1 4 0
7 1 4 5
7 1 6 13
7 1 6 5
7 1 7 16
7 1 7 4
7 8 9 10
7 8 9 8
7 8 10 13
7 8 10 18
7 8 10 3
7 8 11 11
7 8 11 10
7 8 11 4
7 8 12 12
7 8 13 13
7 8 13 5
7 8 14 22
7 8 14 11
7 8 15 20
7 8 15 8
7 8 15 12
7 8 16 13
7 8 16 7
7 8 17 26
7 8 18 34
7 8 18 9
7 8 18 43
7 8 19 35
7 8 19 8
7 8 19 36
7 5 24 54
7 8 24 39
7 8 31 42
7 8 33 49
7 8 36 25
8 1 1 1
8 1 1 0
8 1 1 0
8 1 2 2
8 1 3 0
8 1 3 0
8 1 4 28
8 1 5 9
8 15 5 15
8 1 6 15
8 1 7 6
8 1 9 3
8 12 10 35
8 12 12 37
8 20 13 5
8 1 14 69
8 24 15 21
8 20 15 3
8 20 16 11
8 20 16 13
8 20 17 11
8 20 18 5
8 24 19 25
8 24 20 30
8 20 20 9
8 24 21 28
8 20 22 10
8 20 24 28
8 20 24 16
8 20 24 2
8 20 24 2
8 20 25 35
8 20 27 36
8 24 27 27
8 24 28 36
8 20 29 29
8 24 29 57
8 20 30 111
8 24 30 104
9 1 0 4
9 1 0 7
9 1 1 0
9 1 1 1
9 1 2 0
9 1 3 1
9 1 3 1
9 1 4 1
9 1 5 1
9 1 7 0
9 10 12 1
9 10 15 8
9 10 15 2
9 10 17 4
9 10 18 10
9 10 19 1
9 10 20 10
9 10 20 5
9 10 21 26
9 10 21 27
9 10 21 5
9 10 22 50
9 10 22 17
9 10 22 25
9 10 22 3
9 10 22 6
9 10 22 9
9 10 24 3
9 10 24 9
9 10 25 26
9 10 25 15
9 10 25 15
9 10 26 8
9 10 27 56
10 1 0 1
10 1 0 1
10 1 1 2
10 1 1 0
10 1 1 0
10 1 1 1
10 1 1 0
10 1 1 1
10 14 2 8
10 1 3 2
10 1 3 1
10 1 4 10
10 1 4 0
10 1 4 0
10 7 5 3
10 1 5 0
10 1 7 3
10 22 8 14
10 1 8 5
10 22 8 12
10 22 9 21
10 1 9 5
10 22 10 37
10 22 10 18
10 22 10 28
10 22 11 30
10 22 12 31
10 22 13 36
10 22 13 19
10 26 14 59
10 26 15 122
11 1 1 0
11 1 2 2
11 1 3 1
11 1 3 0
11 1 4 0
11 1 4 1
11 1 5 1
11 1 9 7
11 12 14 30
11 12 14 21
11 12 14 9
11 12 15 18
11 12 15 19
11 12 15 10
11 12 16 33
11 12 17 12
11 12 17 11
11 12 18 16
11 12 19 27
11 12 21 9
11 12 21 38
11 12 22 35
11 12 22 45
11 12 22 36
11 12 22 14
11 12 24 15
11 12 24 80
11 12 25 55
11 12 26 36
12 1 1 0
12 1 3 0
12 1 3 0
12 1 4 29
12 1 4 10
12 1 4 0
12 1 4 2
12 1 5 6
12 17 9 2
12 17 11 4
12 17 12 2
12 17 12 0
12 17 13 3
12 17 14 13
12 17 15 9
12 17 15 6
12 17 16 6
12 17 17 48
12 17 18 33
12 17 18 12
12 17 18 26
12 17 19 66
12 17 20 17
12 17 20 21
12 17 21 12
12 17 21 31
12 17 23 61
12 17 24 26
12 17 25 23
13 1 0 10
13 1 0 3
13 1 0 1
13 1 0 3
13 1 0 1
13 1 0 1
13 1 0 1
13 1 0 1
13 7 1 35
13 1 1 5
13 1 1 7
13 7 1 19
13 1 1 1
13 1 1 1
13 1 1 1
13 7 2 40
13 7 2 43
13 1 2 11
13 1 2 6
13 7 3 16
13 7 3 25
13 1 3 4
13 1 3 14
13 7 4 60
13 1 5 10
13 7 5 28
13 1 5 7
13 1 6 14
14 1 0 5
14 7 1 49
14 1 1 8
14 1 1 4
14 7 1 24
14 1 1 8
14 1 1 12
14 1 1 3
14 1 1 7
14 1 1 4
14 1 1 1
14 1 1 0
14 1 1 0
14 1 1 5
14 7 2 20
14 1 2 19
14 1 2 4
14 1 2 0
14 1 3 13
14 7 3 19
14 1 3 14
14 1 3 4
14 7 3 25
14 1 3 7
14 7 4 75
14 7 5 28
14 1 6 13
15 1 1 4
15 1 1 1
15 1 2 1
15 1 3 7
15 1 3 0
15 1 4 1
15 1 7 4
15 15 10 12
15 15 12 10
15 15 13 22
15 15 13 13
15 15 14 14
15 15 16 21
15 15 16 23
15 15 17 20
15 15 17 19
15 15 17 42
15 15 18 22
15 15 19 63
15 15 19 99
15 15 19 78
15 15 19 64
15 15 20 42
15 15 20 3
15 15 21 97
15 15 23 107
16 22 0 16
16 1 0 3
16 1 0 4
16 1 0 3
16 15 0 12
16 1 0 2
16 1 1 7
16 1 1 0
16 20 2 61
16 18 2 16
16 1 2 2
16 1 2 1
16 1 3 6
16 11 8 26
16 11 9 15
16 11 10 25
16 11 11 41
16 11 11 37
16 11 12 38
16 11 12 33
16 11 12 30
16 11 12 16
16 11 13 29
16 11 13 75
16 11 17 136
17 1 0 2
17 1 1 0
17 1 3 0
17 1 4 3
17 1 4 1
17 1 7 1
17 19 10 1
17 19 10 9
17 19 11 3
17 19 13 5
17 19 13 6
17 19 14 14
17 19 14 1
17 19 16 8
17 19 16 12
17 19 16 71
17 19 18 6
17 19 18 25
17 19 18 17
17 19 19 9
17 19 19 3
17 19 21 19
17 19 21 62
17 19 23 19
18 21 2 12
18 23 2 43
18 1 3 2
18 1 5 1
18 1 5 0
18 1 9 36
18 1 9 29
18 23 9 89
18 29 11 204
18 37 12 334
18 21 13 17
18 31 14 126
18 38 14 162
18 31 14 123
18 35 15 202
18 41 15 100
18 29 16 204
18 3 16 89
18 30 18 215
18 30 20 212
18 21 20 120
18 5 20 121
19 1 1 1
19 1 2 1
19 1 3 4
19 18 6 4
19 1 6 2
19 18 7 4
19 18 8 12
19 18 8 42
19 18 8 4
19 18 9 41
19 18 10 18
19 18 10 36
19 18 11 9
19 18 12 23
19 18 15 43
19 18 15 82
19 18 17 25
19 18 17 49
19 18 17 24
20 1 0 1
20 1 4 3
20 1 4 2
20 1 6 2
20 1 6 1
20 13 10 19
20 13 11 20
20 13 13 55
20 13 13 21
20 13 13 23
20 13 13 14
20 13 13 14
20 13 14 76
20 13 14 29
20 13 14 28
20 13 14 13
20 13 16 129
20 13 17 112
21 1 2 7
21 1 3 10
21 21 5 33
21 21 6 1
21 21 7 11
21 21 7 48
21 21 9 60
21 21 9 15
21 21 10 54
21 21 11 5
21 21 11 28
21 21 12 5
21 21 12 12
21 21 12 12
21 21 13 118
22 1 1 3
22 1 1 0
22 1 3 0
22 1 4 2
22 1 5 6
22 1 7 16
22 1 7 1
22 36 9 110
22 11 9 21
22 11 10 60
22 6 10 110
22 1 10 92
22 11 11 21
23 1 1 7
23 1 2 0
23 1 2 0
23 1 3 19
23 1 3 22
23 1 3 1
23 26 5 136
23 22 5 77
23 7 6 23
23 14 7 15
23 1 7 24
23 32 10 65
23 32 11 112
24 1 0 4
24 1 0 3
24 1 4 53
24 1 4 3
24 1 6 49
24 42 6 151
24 23 7 63
24 1 7 71
24 23 8 37
24 23 8 53
24 23 9 44
24 23 10 90
24 7 11 61
25 1 0 1
25 1 0 1
25 1 1 1
25 28 3 71
25 16 3 50
25 1 5 28
25 23 6 68
25 23 6 114
25 28 6 127
25 23 7 131
25 27 8 137
25 27 9 175
26 14 1 44
26 1 1 2
26 1 4 4
26 1 4 14
26 14 4 4
26 14 6 17
26 14 6 23
26 14 6 11
26 14 8 23
26 14 9 16
26 14 9 43
26 14 10 33
27 1 0 5
27 23 0 52
27 1 0 11
27 1 0 9
27 7 1 52
27 1 1 12
27 1 1 0
27 1 1 5
27 1 1 2
27 1 2 7
28 1 0 1
28 1 1 0
28 1 4 0
28 14 6 6
28 14 6 2
28 14 7 39
28 14 7 2
28 14 8 16
28 14 8 98
28 14 8 8
29 1 0 2
29 1 2 15
29 1 5 80
29 1 5 6
29 1 5 13
29 11 6 173
29 1 6 25
29 39 7 123
29 40 7 131
30 1 0 1
30 1 2 9
30 1 2 2
30 1 3 8
30 22 4 92
30 6 6 66
30 6 6 22
30 6 7 54
30 6 7 66
31 1 1 5
31 1 1 0
31 1 2 0
31 1 2 0
31 11 4 55
31 11 5 57
31 11 5 64
31 11 6 99
32 7 0 42
32 1 0 14
32 7 0 55
32 1 0 2
32 1 0 1
32 1 0 1
32 1 1 5
32 7 1 18
33 33 6 164
33 6 6 108
33 34 6 163
33 7 6 30
33 1 6 5
33 1 6 10
34 1 0 1
34 7 1 51
34 1 1 4
34 1 1 1
34 1 2 8
34 1 2 0
35 1 0 2
35 16 1 29
35 1 1 1
35 16 2 17
35 16 3 68
36 1 3 27
36 1 4 10
36 1 4 26
36 23 4 79
37 1 0 1
37 1 1 0
37 1 2 0
37 7 3 28
38 3 0 24
38 3 1 36
38 1 2 23
39 1 3 53
39 1 3 22
39 1 3 8
40 1 0 1
40 1 1 13
41 1 0 6
42 1 0 3
