1 1 0 1
1 3 0 2
1 5 0 2
1 33 0 1
1 35 0 1
1 35 0 1
1 20 1 0
1 24 1 3
1 5 1 4
1 20 1 0
1 37 1 2
1 5 1 1
1 29 1 0
1 20 1 0
1 1 1 1
1 35 1 0
1 26 2 2
1 26 2 1
1 26 2 0
1 20 2 0
1 26 3 0
1 5 3 0
1 29 3 0
1 18 4 1
1 29 4 0
1 1 4 2
1 26 4 0
1 20 4 1
1 1 4 4
1 30 4 2
1 5 5 2
1 20 5 0
1 30 5 4
1 29 5 1
1 20 6 4
1 1 6 13
1 26 6 3
1 20 6 0
1 29 6 1
1 1 7 1
1 1 7 4
1 20 8 3
1 1 8 23
1 1 8 4
1 20 9 3
1 26 9 3
1 1 10 5
1 5 11 18
1 20 11 1
1 5 12 24
1 26 12 9
1 26 12 9
1 1 12 5
1 1 13 27
1 20 13 6
1 1 13 16
1 26 13 12
1 5 14 21
1 1 14 25
1 20 14 5
1 26 14 6
1 1 14 12
1 26 14 12
1 1 15 19
1 20 15 3
1 5 16 31
1 1 16 8
1 1 16 32
1 5 17 20
1 5 17 33
1 1 17 39
1 1 17 7
1 1 18 10
1 20 18 0
1 1 19 109
1 1 19 10
1 1 20 53
1 1 20 11
1 1 21 79
1 1 22 6
1 18 22 14
1 1 23 12
1 1 23 14
1 20 23 6
1 20 23 1
1 1 24 18
1 5 26 34
1 1 26 22
1 5 27 42
1 1 27 23
1 1 27 43
1 1 28 79
1 1 28 16
1 1 30 56
1 1 31 51
1 1 34 45
1 1 34 56
1 1 34 25
1 1 36 55
1 1 37 25
1 1 39 34
1 1 40 50
1 1 40 132
1 1 43 78
1 1 44 32
1 1 47 39
1 1 60 103
2 41 0 1
2 29 0 1
2 24 1 0
2 16 1 0
2 41 1 1
2 16 1 0
2 18 2 4
2 37 3 1
2 7 4 1
2 7 5 0
2 37 6 2
2 1 6 2
2 1 7 3
2 24 9 2
2 37 10 1
2 30 10 2
2 7 10 0
2 16 10 0
2 7 11 3
2 7 11 1
2 37 11 2
2 24 11 1
2 16 11 1
2 3 11 3
2 1 12 3
2 7 13 0
2 16 13 0
2 18 13 3
2 7 13 11
2 18 14 5
2 7 15 1
2 7 17 1
2 16 17 0
2 1 17 7
2 1 17 4
2 3 17 3
2 16 17 6
2 7 17 4
2 16 18 1
2 1 19 10
2 7 19 2
2 16 19 1
2 1 19 6
2 16 19 0
2 7 19 1
2 1 20 1
2 1 20 71
2 7 21 0
2 16 21 1
2 7 21 4
2 16 21 3
2 1 23 144
2 7 23 4
2 7 23 1
2 7 23 1
2 16 23 5
2 1 25 17
2 30 25 7
2 7 25 3
2 1 25 44
2 30 25 4
2 7 26 3
2 1 26 27
2 1 27 24
2 16 27 3
2 3 29 7
2 16 30 7
2 16 30 10
2 7 32 1
2 7 32 4
2 16 32 12
2 16 34 4
2 1 34 21
2 7 35 8
2 16 36 4
2 1 37 30
2 7 38 1
2 16 38 3
2 1 39 18
2 1 39 23
2 7 39 5
2 1 40 31
2 7 41 6
2 7 42 8
2 1 43 9
2 7 46 8
2 1 47 28
2 1 51 35
2 1 54 51
2 1 57 25
2 1 60 11
3 25 0 1
3 2 0 1
3 25 0 1
3 40 1 0
3 40 1 0
3 8 1 0
3 40 1 0
3 8 2 2
3 1 2 12
3 1 2 7
3 28 2 0
3 25 3 5
3 26 3 1
3 8 3 2
3 19 3 11
3 19 3 10
3 28 3 1
3 28 3 3
3 19 3 1
3 4 3 3
3 5 3 2
3 1 4 36
3 33 4 3
3 1 5 14
3 1 5 16
3 8 7 11
3 18 7 11
3 8 7 10
3 8 7 6
3 8 8 6
3 1 8 14
3 14 9 2
3 8 9 0
3 8 9 0
3 8 10 3
3 8 13 10
3 1 13 18
3 1 13 16
3 8 14 12
3 8 14 5
3 8 14 4
3 1 15 36
3 8 15 15
3 8 15 21
3 1 15 58
3 8 16 13
3 1 17 21
3 8 17 7
3 1 18 45
3 1 18 28
3 8 19 34
3 8 21 22
3 1 21 30
3 1 22 33
3 1 23 34
3 1 25 36
3 1 26 65
3 1 26 45
3 8 31 14
3 1 37 73
3 8 37 30
3 1 40 52
4 25 0 1
4 9 0 1
4 10 0 1
4 19 0 1
4 10 0 1
4 3 0 2
4 10 0 1
4 33 0 1
4 32 1 2
4 10 1 1
4 10 1 0
4 19 1 0
4 11 1 0
4 11 1 0
4 19 1 0
4 42 2 0
4 19 2 0
4 11 3 4
4 11 4 2
4 1 4 2
4 1 7 13
4 11 7 4
4 11 7 4
4 11 9 11
4 19 9 6
4 19 9 1
4 19 10 0
4 1 11 14
4 11 11 7
4 19 13 9
4 19 13 6
4 19 14 6
4 11 17 14
4 11 18 13
4 11 19 13
4 19 19 7
4 19 19 7
4 19 20 7
4 1 20 16
4 1 23 37
4 1 23 22
4 1 24 60
4 1 24 37
4 11 24 30
4 11 24 23
4 11 25 22
4 1 26 40
4 1 27 43
4 1 27 18
4 11 29 23
4 1 30 95
4 1 30 25
4 1 31 38
4 1 34 60
4 1 34 61
4 1 35 89
5 22 0 1
5 24 0 1
5 29 0 2
5 1 0 1
5 38 1 7
5 3 1 4
5 39 1 1
5 21 2 28
5 22 2 3
5 6 2 1
5 6 2 4
5 3 2 11
5 6 2 1
5 39 2 1
5 39 2 0
5 3 3 6
5 1 3 18
5 6 3 0
5 3 3 4
5 6 3 2
5 6 3 6
5 39 3 0
5 1 5 9
5 18 5 4
5 1 6 18
5 6 6 1
5 6 7 9
5 1 7 74
5 6 7 8
5 1 8 21
5 1 8 26
5 6 8 9
5 6 9 11
5 6 9 6
5 1 10 35
5 1 11 43
5 1 11 30
5 1 11 16
5 6 12 10
5 6 12 7
5 1 13 26
5 1 14 33
5 6 14 5
5 6 16 14
5 6 17 7
5 6 18 16
5 6 19 11
5 1 23 89
5 1 24 85
5 6 26 28
5 6 28 35
5 1 29 50
5 6 30 45
5 6 38 42
6 18 0 1
6 2 1 0
6 33 1 1
6 36 1 0
6 2 1 0
6 36 3 1
6 36 4 1
6 2 4 0
6 36 5 1
6 36 5 3
6 35 5 1
6 2 5 1
6 2 6 2
6 1 7 18
6 2 7 0
6 2 9 0
6 2 11 5
6 2 11 3
6 2 12 2
6 2 16 4
6 2 16 5
6 2 18 16
6 2 19 6
6 2 19 4
6 2 19 9
6 2 21 20
6 2 22 12
6 1 22 19
6 2 23 9
6 2 23 15
6 2 24 20
6 1 25 47
6 2 25 21
6 2 25 8
6 2 26 14
6 2 26 11
6 2 27 22
6 2 28 23
6 2 30 40
6 2 32 14
6 2 33 21
6 2 33 27
6 2 33 23
6 2 34 12
6 2 34 16
6 1 37 46
6 2 38 15
6 1 39 45
6 1 39 99
7 2 0 1
7 1 0 4
7 36 1 0
7 25 1 2
7 28 1 0
7 35 1 1
7 3 1 3
7 4 1 0
7 4 2 0
7 4 3 5
7 28 3 0
7 4 3 2
7 28 3 0
7 28 4 0
7 1 4 5
7 4 6 13
7 4 6 5
7 1 7 16
7 28 7 4
7 4 9 10
7 4 9 8
7 4 10 13
7 1 10 18
7 4 10 3
7 4 11 11
7 1 11 10
7 4 11 4
7 4 12 12
7 4 13 13
7 28 13 5
7 18 14 22
7 4 14 11
7 4 15 20
7 4 15 8
7 4 15 12
7 4 16 13
7 4 16 7
7 4 17 26
7 1 18 34
7 4 18 9
7 1 18 43
7 1 19 35
7 4 19 8
7 1 19 36
7 4 24 54
7 4 24 39
7 4 31 42
7 1 33 49
7 4 36 25
8 3 1 1
8 14 1 0
8 14 1 0
8 30 2 2
8 14 3 0
8 14 3 0
8 1 4 28
8 1 5 9
8 17 5 15
8 1 6 15
8 14 7 6
8 14 9 3
8 1 10 35
8 1 12 37
8 14 13 5
8 1 14 69
8 14 15 21
8 14 15 3
8 14 16 11
8 14 16 13
8 14 17 11
8 14 18 5
8 1 19 25
8 1 20 30
8 14 20 9
8 1 21 28
8 14 22 10
8 1 24 28
8 14 24 16
8 14 24 2
8 14 24 2
8 1 25 35
8 1 27 36
8 14 27 27
8 1 28 36
8 14 29 29
8 1 29 57
8 1 30 111
8 1 30 104
9 32 0 4
9 1 0 7
9 15 1 0
9 12 1 1
9 31 2 0
9 3 3 1
9 31 3 1
9 15 4 1
9 31 5 1
9 31 7 0
9 31 12 1
9 15 15 8
9 31 15 2
9 15 17 4
9 15 18 10
9 31 19 1
9 15 20 10
9 15 20 5
9 15 21 26
9 15 21 27
9 15 21 5
9 1 22 50
9 15 22 17
9 15 22 25
9 31 22 3
9 15 22 6
9 15 22 9
9 15 24 3
9 15 24 9
9 15 25 26
9 15 25 15
9 15 25 15
9 15 26 8
9 1 27 56
10 10 0 1
10 41 0 1
10 27 1 2
10 34 1 0
10 34 1 0
10 18 1 1
10 34 1 0
10 34 1 1
10 23 2 8
10 22 3 2
10 34 3 1
10 11 4 10
10 34 4 0
10 22 4 0
10 22 5 3
10 27 5 0
10 27 7 3
10 27 8 14
10 27 8 5
10 23 8 12
10 27 9 21
10 34 9 5
10 1 10 37
10 1 10 18
10 1 10 28
10 1 11 30
10 27 12 31
10 1 13 36
10 1 13 19
10 1 14 59
10 1 15 122
11 13 1 0
11 13 2 2
11 13 3 1
11 13 3 0
11 13 4 0
11 13 4 1
11 13 5 1
11 13 9 7
11 1 14 30
11 13 14 21
11 13 14 9
11 13 15 18
11 13 15 19
11 13 15 10
11 1 16 33
11 13 17 12
11 13 17 11
11 13 18 16
11 13 19 27
11 13 21 9
11 13 21 38
11 1 22 35
11 1 22 45
11 1 22 36
11 13 22 14
11 13 24 15
11 1 24 80
11 1 25 55
11 1 26 36
12 9 1 0
12 9 3 0
12 9 3 0
12 1 4 29
12 1 4 10
12 9 4 0
12 9 4 2
12 9 5 6
12 9 9 2
12 9 11 4
12 9 12 2
12 9 12 0
12 9 13 3
12 9 14 13
12 9 15 9
12 9 15 6
12 9 16 6
12 1 17 48
12 1 18 33
12 9 18 12
12 9 18 26
12 1 19 66
12 9 20 17
12 9 20 21
12 9 21 12
12 9 21 31
12 1 23 61
12 9 24 26
12 9 25 23
13 1 0 10
13 18 0 3
13 3 0 1
13 30 0 3
13 4 0 1
13 35 0 1
13 29 0 1
13 21 0 1
13 1 1 35
13 6 1 5
13 1 1 7
13 1 1 19
13 35 1 1
13 3 1 1
13 5 1 1
13 1 2 40
13 22 2 43
13 18 2 11
13 1 2 6
13 1 3 16
13 1 3 25
13 1 3 4
13 3 3 14
13 1 4 60
13 3 5 10
13 1 5 28
13 25 5 7
13 17 6 14
14 3 0 5
14 1 1 49
14 3 1 8
14 3 1 4
14 1 1 24
14 3 1 8
14 1 1 12
14 30 1 3
14 1 1 7
14 22 1 4
14 25 1 1
14 25 1 0
14 22 1 0
14 22 1 5
14 1 2 20
14 1 2 19
14 8 2 4
14 25 2 0
14 6 3 13
14 22 3 19
14 1 3 14
14 33 3 4
14 22 3 25
14 3 3 7
14 1 4 75
14 1 5 28
14 1 6 13
15 1 1 4
15 3 1 1
15 17 2 1
15 8 3 7
15 17 3 0
15 17 4 1
15 17 7 4
15 17 10 12
15 17 12 10
15 17 13 22
15 17 13 13
15 17 14 14
15 17 16 21
15 1 16 23
15 17 17 20
15 17 17 19
15 1 17 42
15 17 18 22
15 1 19 63
15 1 19 99
15 1 19 78
15 1 19 64
15 1 20 42
15 17 20 3
15 1 21 97
15 1 23 107
16 27 0 16
16 10 0 3
16 23 0 4
16 10 0 3
16 17 0 12
16 10 0 2
16 10 1 7
16 10 1 0
16 1 2 61
16 21 2 16
16 10 2 2
16 25 2 1
16 10 3 6
16 1 8 26
16 10 9 15
16 1 10 25
16 1 11 41
16 1 11 37
16 1 12 38
16 1 12 33
16 1 12 30
16 10 12 16
16 1 13 29
16 1 13 75
16 1 17 136
17 10 0 2
17 12 1 0
17 12 3 0
17 12 4 3
17 12 4 1
17 12 7 1
17 12 10 1
17 12 10 9
17 12 11 3
17 12 13 5
17 12 13 6
17 12 14 14
17 12 14 1
17 12 16 8
17 12 16 12
17 1 16 71
17 12 18 6
17 12 18 25
17 12 18 17
17 12 19 9
17 12 19 3
17 12 21 19
17 1 21 62
17 12 23 19
18 24 2 12
18 1 2 43
18 18 3 2
18 18 5 1
18 18 5 0
18 1 9 36
18 1 9 29
18 1 9 89
18 1 11 204
18 1 12 334
18 1 13 17
18 1 14 126
18 1 14 162
18 1 14 123
18 1 15 202
18 1 15 100
18 1 16 204
18 1 16 89
18 1 18 215
18 1 20 212
18 1 20 120
18 1 20 121
19 32 1 1
19 38 2 1
19 21 3 4
19 21 6 4
19 21 6 2
19 38 7 4
19 21 8 12
19 1 8 42
19 38 8 4
19 1 9 41
19 21 10 18
19 1 10 36
19 21 11 9
19 21 12 23
19 1 15 43
19 1 15 82
19 21 17 25
19 1 17 49
19 21 17 24
20 4 0 1
20 5 4 3
20 5 4 2
20 5 6 2
20 5 6 1
20 5 10 19
20 5 11 20
20 1 13 55
20 5 13 21
20 5 13 23
20 5 13 14
20 5 13 14
20 1 14 76
20 5 14 29
20 5 14 28
20 5 14 13
20 1 16 129
20 1 17 112
21 1 2 7
21 1 3 10
21 1 5 33
21 24 6 1
21 24 7 11
21 1 7 48
21 1 9 60
21 1 9 15
21 1 10 54
21 24 11 5
21 24 11 28
21 24 12 5
21 24 12 12
21 24 12 12
21 1 13 118
22 18 1 3
22 10 1 0
22 11 3 0
22 10 4 2
22 10 5 6
22 1 7 16
22 3 7 1
22 1 9 110
22 1 9 21
22 1 10 60
22 1 10 110
22 1 10 92
22 1 11 21
23 1 1 7
23 32 2 0
23 32 2 0
23 19 3 19
23 1 3 22
23 32 3 1
23 1 5 136
23 1 5 77
23 1 6 23
23 1 7 15
23 1 7 24
23 1 10 65
23 1 11 112
24 23 0 4
24 21 0 3
24 1 4 53
24 1 4 3
24 1 6 49
24 1 6 151
24 1 7 63
24 1 7 71
24 1 8 37
24 1 8 53
24 1 9 44
24 1 10 90
24 1 11 61
25 25 0 1
25 22 0 1
25 33 1 1
25 1 3 71
25 1 3 50
25 1 5 28
25 1 6 68
25 1 6 114
25 1 6 127
25 1 7 131
25 1 8 137
25 1 9 175
26 1 1 44
26 23 1 2
26 3 4 4
26 1 4 14
26 23 4 4
26 1 6 17
26 1 6 23
26 1 6 11
26 1 8 23
26 1 9 16
26 1 9 43
26 1 10 33
27 1 0 5
27 1 0 52
27 3 0 11
27 3 0 9
27 1 1 52
27 1 1 12
27 1 1 0
27 3 1 5
27 3 1 2
27 3 2 7
28 27 0 1
28 23 1 0
28 23 4 0
28 23 6 6
28 23 6 2
28 23 7 39
28 23 7 2
28 23 8 16
28 1 8 98
28 23 8 8
29 5 0 2
29 1 2 15
29 1 5 80
29 1 5 6
29 1 5 13
29 1 6 173
29 1 6 25
29 1 7 123
29 1 7 131
30 19 0 1
30 11 2 9
30 11 2 2
30 11 3 8
30 1 4 92
30 1 6 66
30 11 6 22
30 11 7 54
30 1 7 66
31 1 1 5
31 10 1 0
31 10 2 0
31 10 2 0
31 1 4 55
31 1 5 57
31 1 5 64
31 1 6 99
32 1 0 42
32 1 0 14
32 1 0 55
32 18 0 2
32 21 0 1
32 17 0 1
32 9 1 5
32 1 1 18
33 1 6 164
33 1 6 108
33 1 6 163
33 1 6 30
33 33 6 5
33 1 6 10
34 18 0 1
34 1 1 51
34 22 1 4
34 3 1 1
34 3 2 8
34 10 2 0
35 22 0 2
35 6 1 29
35 33 1 1
35 6 2 17
35 1 3 68
36 1 3 27
36 1 4 10
36 1 4 26
36 1 4 79
37 32 0 1
37 25 1 0
37 25 2 0
37 1 3 28
38 8 0 24
38 8 1 36
38 1 2 23
39 1 3 53
39 17 3 22
39 1 3 8
40 6 0 1
40 32 1 13
41 18 0 6
42 29 0 3
