1 4 0 1
1 9 0 2
1 5 0 2
1 25 0 1
1 9 0 1
1 9 0 1
1 5 1 0
1 19 1 3
1 39 1 4
1 5 1 0
1 10 1 2
1 5 1 1
1 3 1 0
1 5 1 0
1 12 1 1
1 21 1 0
1 21 2 2
1 21 2 1
1 27 2 0
1 5 2 0
1 21 3 0
1 5 3 0
1 3 3 0
1 27 4 1
1 3 4 0
1 3 4 2
1 21 4 0
1 21 4 1
1 3 4 4
1 35 4 2
1 12 5 2
1 3 5 0
1 3 5 4
1 3 5 1
1 3 6 4
1 3 6 13
1 21 6 3
1 3 6 0
1 3 6 1
1 3 7 1
1 3 7 4
1 3 8 3
1 10 8 23
1 3 8 4
1 3 9 3
1 21 9 3
1 3 10 5
1 12 11 18
1 3 11 1
1 12 12 24
1 21 12 9
1 21 12 9
1 3 12 5
1 3 13 27
1 3 13 6
1 3 13 16
1 21 13 12
1 12 14 21
1 12 14 25
1 3 14 5
1 21 14 6
1 3 14 12
1 21 14 12
1 3 15 19
1 3 15 3
1 12 16 31
1 3 16 8
1 3 16 32
1 12 17 20
1 12 17 33
1 12 17 39
1 3 17 7
1 3 18 10
1 3 18 0
1 4 19 109
1 3 19 10
1 3 20 53
1 3 20 11
1 4 21 79
1 3 22 6
1 3 22 14
1 3 23 12
1 3 23 14
1 3 23 6
1 3 23 1
1 3 24 18
1 12 26 34
1 3 26 22
1 12 27 42
1 3 27 23
1 3 27 43
1 3 28 79
1 3 28 16
1 3 30 56
1 21 31 51
1 3 34 45
1 3 34 56
1 3 34 25
1 3 36 55
1 3 37 25
1 3 39 34
1 3 40 50
1 40 40 132
1 3 43 78
1 3 44 32
1 3 47 39
1 3 60 103
2 18 0 1
2 3 0 1
2 5 1 0
2 5 1 0
2 18 1 1
2 5 1 0
2 27 2 4
2 2 3 1
2 5 4 1
2 2 5 0
2 2 6 2
2 2 6 2
2 2 7 3
2 2 9 2
2 2 10 1
2 2 10 2
2 2 10 0
2 2 10 0
2 2 11 3
2 2 11 1
2 2 11 2
2 2 11 1
2 2 11 1
2 2 11 3
2 2 12 3
2 2 13 0
2 2 13 0
2 2 13 3
2 2 13 11
2 2 14 5
2 2 15 1
2 2 17 1
2 2 17 0
2 2 17 7
2 2 17 4
2 2 17 3
2 2 17 6
2 2 17 4
2 2 18 1
2 2 19 10
2 2 19 2
2 2 19 1
2 2 19 6
2 2 19 0
2 2 19 1
2 2 20 1
2 4 20 71
2 2 21 0
2 2 21 1
2 2 21 4
2 2 21 3
2 4 23 144
2 2 23 4
2 2 23 1
2 2 23 1
2 2 23 5
2 2 25 17
2 2 25 7
2 2 25 3
2 2 25 44
2 2 25 4
2 2 26 3
2 2 26 27
2 2 27 24
2 2 27 3
2 2 29 7
2 2 30 7
2 2 30 10
2 2 32 1
2 2 32 4
2 2 32 12
2 2 34 4
2 2 34 21
2 2 35 8
2 2 36 4
2 2 37 30
2 2 38 1
2 2 38 3
2 2 39 18
2 2 39 23
2 2 39 5
2 2 40 31
2 2 41 6
2 2 42 8
2 2 43 9
2 2 46 8
2 2 47 28
2 2 51 35
2 2 54 51
2 2 57 25
2 2 60 11
3 9 0 1
3 9 0 1
3 9 0 1
3 23 1 0
3 23 1 0
3 5 1 0
3 23 1 0
3 5 2 2
3 8 2 12
3 6 2 7
3 23 2 0
3 9 3 5
3 23 3 1
3 23 3 2
3 1 3 11
3 1 3 10
3 23 3 1
3 23 3 3
3 1 3 1
3 23 3 3
3 23 3 2
3 7 4 36
3 23 4 3
3 6 5 14
3 8 5 16
3 6 7 11
3 6 7 11
3 6 7 10
3 6 7 6
3 6 8 6
3 6 8 14
3 23 9 2
3 6 9 0
3 6 9 0
3 6 10 3
3 6 13 10
3 6 13 18
3 6 13 16
3 6 14 12
3 6 14 5
3 6 14 4
3 6 15 36
3 6 15 15
3 6 15 21
3 6 15 58
3 6 16 13
3 6 17 21
3 6 17 7
3 6 18 45
3 6 18 28
3 6 19 34
3 6 21 22
3 6 21 30
3 6 22 33
3 6 23 34
3 6 25 36
3 6 26 65
3 6 26 45
3 6 31 14
3 6 37 73
3 6 37 30
3 6 40 52
4 9 0 1
4 5 0 1
4 1 0 1
4 5 0 1
4 1 0 1
4 35 0 2
4 1 0 1
4 5 0 1
4 40 1 2
4 1 1 1
4 1 1 0
4 5 1 0
4 5 1 0
4 5 1 0
4 5 1 0
4 42 2 0
4 5 2 0
4 5 3 4
4 5 4 2
4 1 4 2
4 1 7 13
4 42 7 4
4 1 7 4
4 1 9 11
4 1 9 6
4 1 9 1
4 1 10 0
4 1 11 14
4 1 11 7
4 1 13 9
4 1 13 6
4 1 14 6
4 1 17 14
4 1 18 13
4 1 19 13
4 1 19 7
4 1 19 7
4 1 20 7
4 1 20 16
4 1 23 37
4 1 23 22
4 1 24 60
4 1 24 37
4 1 24 30
4 1 24 23
4 1 25 22
4 1 26 40
4 1 27 43
4 1 27 18
4 1 29 23
4 1 30 95
4 1 30 25
4 1 31 38
4 1 34 60
4 1 34 61
4 1 35 89
5 9 0 1
5 5 0 1
5 3 0 2
5 4 0 1
5 17 1 7
5 36 1 4
5 5 1 1
5 17 2 28
5 5 2 3
5 5 2 1
5 37 2 4
5 14 2 11
5 5 2 1
5 41 2 1
5 5 2 0
5 17 3 6
5 6 3 18
5 11 3 0
5 36 3 4
5 11 3 2
5 30 3 6
5 5 3 0
5 11 5 9
5 11 5 4
5 11 6 18
5 11 6 1
5 11 7 9
5 17 7 74
5 11 7 8
5 6 8 21
5 11 8 26
5 11 8 9
5 11 9 11
5 11 9 6
5 11 10 35
5 4 11 43
5 11 11 30
5 11 11 16
5 11 12 10
5 11 12 7
5 11 13 26
5 11 14 33
5 11 14 5
5 11 16 14
5 11 17 7
5 11 18 16
5 11 19 11
5 11 23 89
5 11 24 85
5 11 26 28
5 11 28 35
5 11 29 50
5 11 30 45
5 11 38 42
6 27 0 1
6 9 1 0
6 25 1 1
6 7 1 0
6 9 1 0
6 7 3 1
6 7 4 1
6 9 4 0
6 7 5 1
6 7 5 3
6 7 5 1
6 7 5 1
6 7 6 2
6 7 7 18
6 7 7 0
6 7 9 0
6 7 11 5
6 7 11 3
6 7 12 2
6 7 16 4
6 7 16 5
6 7 18 16
6 7 19 6
6 7 19 4
6 7 19 9
6 7 21 20
6 7 22 12
6 7 22 19
6 7 23 9
6 7 23 15
6 7 24 20
6 7 25 47
6 7 25 21
6 7 25 8
6 7 26 14
6 7 26 11
6 7 27 22
6 7 28 23
6 7 30 40
6 7 32 14
6 7 33 21
6 7 33 27
6 7 33 23
6 7 34 12
6 7 34 16
6 7 37 46
6 7 38 15
6 7 39 45
6 7 39 99
7 9 0 1
7 3 0 4
7 7 1 0
7 38 1 2
7 9 1 0
7 9 1 1
7 35 1 3
7 9 1 0
7 8 2 0
7 3 3 5
7 8 3 0
7 8 3 2
7 8 3 0
7 8 4 0
7 8 4 5
7 3 6 13
7 8 6 5
7 8 7 16
7 8 7 4
7 8 9 10
7 8 9 8
7 8 10 13
7 8 10 18
7 8 10 3
7 8 11 11
7 8 11 10
7 8 11 4
7 8 12 12
7 8 13 13
7 8 13 5
7 8 14 22
7 8 14 11
7 8 15 20
7 8 15 8
7 8 15 12
7 8 16 13
7 8 16 7
7 8 17 26
7 8 18 34
7 8 18 9
7 8 18 43
7 8 19 35
7 8 19 8
7 8 19 36
7 7 24 54
7 8 24 39
7 8 31 42
7 8 33 49
7 8 36 25
8 9 1 1
8 5 1 0
8 5 1 0
8 26 2 2
8 15 3 0
8 15 3 0
8 13 4 28
8 10 5 9
8 10 5 15
8 10 6 15
8 15 7 6
8 15 9 3
8 10 10 35
8 10 12 37
8 15 13 5
8 10 14 69
8 15 15 21
8 15 15 3
8 15 16 11
8 15 16 13
8 15 17 11
8 15 18 5
8 15 19 25
8 15 20 30
8 15 20 9
8 15 21 28
8 15 22 10
8 15 24 28
8 15 24 16
8 15 24 2
8 15 24 2
8 15 25 35
8 15 27 36
8 15 27 27
8 15 28 36
8 15 29 29
8 15 29 57
8 15 30 111
8 15 30 104
9 28 0 4
9 1 0 7
9 5 1 0
9 5 1 1
9 5 2 0
9 18 3 1
9 5 3 1
9 29 4 1
9 29 5 1
9 29 7 0
9 18 12 1
9 18 15 8
9 18 15 2
9 18 17 4
9 29 18 10
9 18 19 1
9 29 20 10
9 18 20 5
9 5 21 26
9 29 21 27
9 18 21 5
9 4 22 50
9 18 22 17
9 29 22 25
9 18 22 3
9 18 22 6
9 18 22 9
9 18 24 3
9 18 24 9
9 18 25 26
9 18 25 15
9 18 25 15
9 18 26 8
9 4 27 56
10 10 0 1
10 18 0 1
10 36 1 2
10 14 1 0
10 9 1 0
10 28 1 1
10 9 1 0
10 41 1 1
10 22 2 8
10 14 3 2
10 14 3 1
10 14 4 10
10 14 4 0
10 14 4 0
10 14 5 3
10 14 5 0
10 14 7 3
10 14 8 14
10 14 8 5
10 22 8 12
10 14 9 21
10 14 9 5
10 14 10 37
10 14 10 18
10 14 10 28
10 14 11 30
10 14 12 31
10 14 13 36
10 14 13 19
10 14 14 59
10 14 15 122
11 5 1 0
11 13 2 2
11 13 3 1
11 13 3 0
11 13 4 0
11 13 4 1
11 13 5 1
11 13 9 7
11 13 14 30
11 13 14 21
11 13 14 9
11 13 15 18
11 13 15 19
11 13 15 10
11 13 16 33
11 13 17 12
11 13 17 11
11 13 18 16
11 13 19 27
11 13 21 9
11 13 21 38
11 13 22 35
11 13 22 45
11 13 22 36
11 13 22 14
11 13 24 15
11 13 24 80
11 13 25 55
11 13 26 36
12 5 1 0
12 16 3 0
12 16 3 0
12 1 4 29
12 1 4 10
12 16 4 0
12 16 4 2
12 16 5 6
12 16 9 2
12 16 11 4
12 16 12 2
12 16 12 0
12 16 13 3
12 16 14 13
12 16 15 9
12 16 15 6
12 16 16 6
12 16 17 48
12 16 18 33
12 16 18 12
12 16 18 26
12 16 19 66
12 16 20 17
12 16 20 21
12 16 21 12
12 16 21 31
12 16 23 61
12 16 24 26
12 16 25 23
13 15 0 10
13 27 0 3
13 9 0 1
13 21 0 3
13 9 0 1
13 9 0 1
13 3 0 1
13 5 0 1
13 4 1 35
13 24 1 5
13 1 1 7
13 4 1 19
13 9 1 1
13 9 1 1
13 24 1 1
13 4 2 40
13 38 2 43
13 24 2 11
13 6 2 6
13 9 3 16
13 14 3 25
13 4 3 4
13 26 3 14
13 4 4 60
13 24 5 10
13 4 5 28
13 9 5 7
13 9 6 14
14 33 0 5
14 4 1 49
14 25 1 8
14 31 1 4
14 4 1 24
14 26 1 8
14 8 1 12
14 9 1 3
14 25 1 7
14 38 1 4
14 24 1 1
14 9 1 0
14 9 1 0
14 6 1 5
14 14 2 20
14 4 2 19
14 26 2 4
14 9 2 0
14 24 3 13
14 24 3 19
14 26 3 14
14 25 3 4
14 9 3 25
14 24 3 7
14 4 4 75
14 4 5 28
14 4 6 13
15 13 1 4
15 33 1 1
15 10 2 1
15 6 3 7
15 10 3 0
15 10 4 1
15 10 7 4
15 10 10 12
15 10 12 10
15 10 13 22
15 10 13 13
15 10 14 14
15 10 16 21
15 10 16 23
15 10 17 20
15 10 17 19
15 10 17 42
15 10 18 22
15 10 19 63
15 10 19 99
15 10 19 78
15 10 19 64
15 10 20 42
15 10 20 3
15 10 21 97
15 10 23 107
16 14 0 16
16 10 0 3
16 22 0 4
16 10 0 3
16 10 0 12
16 13 0 2
16 1 1 7
16 1 1 0
16 15 2 61
16 17 2 16
16 1 2 2
16 14 2 1
16 1 3 6
16 1 8 26
16 1 9 15
16 1 10 25
16 1 11 41
16 1 11 37
16 1 12 38
16 1 12 33
16 1 12 30
16 1 12 16
16 1 13 29
16 1 13 75
16 1 17 136
17 1 0 2
17 5 1 0
17 20 3 0
17 20 4 3
17 20 4 1
17 20 7 1
17 20 10 1
17 20 10 9
17 20 11 3
17 20 13 5
17 20 13 6
17 20 14 14
17 20 14 1
17 20 16 8
17 20 16 12
17 4 16 71
17 20 18 6
17 20 18 25
17 20 18 17
17 20 19 9
17 20 19 3
17 20 21 19
17 20 21 62
17 20 23 19
18 19 2 12
18 16 2 43
18 28 3 2
18 19 5 1
18 31 5 0
18 16 9 36
18 30 9 29
18 4 9 89
18 39 11 204
18 33 12 334
18 19 13 17
18 26 14 126
18 35 14 162
18 26 14 123
18 34 15 202
18 34 15 100
18 34 16 204
18 31 16 89
18 28 18 215
18 27 20 212
18 19 20 120
18 7 20 121
19 9 1 1
19 17 2 1
19 17 3 4
19 17 6 4
19 17 6 2
19 17 7 4
19 17 8 12
19 17 8 42
19 17 8 4
19 17 9 41
19 17 10 18
19 17 10 36
19 17 11 9
19 17 12 23
19 17 15 43
19 17 15 82
19 17 17 25
19 17 17 49
19 17 17 24
20 9 0 1
20 12 4 3
20 12 4 2
20 12 6 2
20 12 6 1
20 12 10 19
20 12 11 20
20 12 13 55
20 12 13 21
20 12 13 23
20 12 13 14
20 12 13 14
20 12 14 76
20 12 14 29
20 12 14 28
20 12 14 13
20 12 16 129
20 12 17 112
21 19 2 7
21 19 3 10
21 19 5 33
21 19 6 1
21 19 7 11
21 19 7 48
21 19 9 60
21 19 9 15
21 19 10 54
21 19 11 5
21 19 11 28
21 19 12 5
21 19 12 12
21 19 12 12
21 19 13 118
22 36 1 3
22 1 1 0
22 24 3 0
22 1 4 2
22 1 5 6
22 1 7 16
22 24 7 1
22 10 9 110
22 1 9 21
22 1 10 60
22 1 10 110
22 1 10 92
22 1 11 21
23 4 1 7
23 9 2 0
23 9 2 0
23 1 3 19
23 16 3 22
23 5 3 1
23 4 5 136
23 14 5 77
23 4 6 23
23 9 7 15
23 17 7 24
23 4 10 65
23 4 11 112
24 22 0 4
24 5 0 3
24 4 4 53
24 4 4 3
24 4 6 49
24 37 6 151
24 4 7 63
24 4 7 71
24 4 8 37
24 4 8 53
24 4 9 44
24 4 10 90
24 4 11 61
25 9 0 1
25 14 0 1
25 25 1 1
25 4 3 71
25 4 3 50
25 4 5 28
25 4 6 68
25 4 6 114
25 31 6 127
25 4 7 131
25 4 8 137
25 37 9 175
26 8 1 44
26 22 1 2
26 33 4 4
26 12 4 14
26 39 4 4
26 4 6 17
26 12 6 23
26 4 6 11
26 12 8 23
26 4 9 16
26 4 9 43
26 12 10 33
27 31 0 5
27 4 0 52
27 17 0 11
27 27 0 9
27 4 1 52
27 41 1 12
27 26 1 0
27 34 1 5
27 26 1 2
27 26 2 7
28 5 0 1
28 22 1 0
28 22 4 0
28 22 6 6
28 22 6 2
28 22 7 39
28 22 7 2
28 22 8 16
28 22 8 98
28 22 8 8
29 37 0 2
29 16 2 15
29 13 5 80
29 32 5 6
29 32 5 13
29 32 6 173
29 14 6 25
29 32 7 123
29 32 7 131
30 5 0 1
30 30 2 9
30 30 2 2
30 30 3 8
30 5 4 92
30 1 6 66
30 30 6 22
30 30 7 54
30 1 7 66
31 1 1 5
31 1 1 0
31 1 2 0
31 1 2 0
31 1 4 55
31 1 5 57
31 1 5 64
31 1 6 99
32 4 0 42
32 4 0 14
32 6 0 55
32 28 0 2
32 5 0 1
32 5 0 1
32 5 1 5
32 6 1 18
33 25 6 164
33 1 6 108
33 40 6 163
33 4 6 30
33 25 6 5
33 25 6 10
34 28 0 1
34 4 1 51
34 38 1 4
34 33 1 1
34 24 2 8
34 5 2 0
35 14 0 2
35 11 1 29
35 25 1 1
35 11 2 17
35 11 3 68
36 4 3 27
36 4 4 10
36 19 4 26
36 4 4 79
37 9 0 1
37 9 1 0
37 9 2 0
37 4 3 28
38 6 0 24
38 6 1 36
38 6 2 23
39 10 3 53
39 10 3 22
39 10 3 8
40 5 0 1
40 31 1 13
41 28 0 6
42 3 0 3
