1 20 0 2
1 9 0 2
1 10 0 1
1 10 0 1
1 13 1 0
1 16 1 2
1 9 1 4
1 13 1 0
1 3 1 1
1 9 1 0
1 10 1 0
1 10 1 0
1 9 1 1
1 19 1 0
1 19 2 2
1 19 2 1
1 19 2 0
1 10 2 0
1 19 3 0
1 9 3 0
1 6 3 0
1 19 4 1
1 6 4 0
1 20 4 2
1 19 4 0
1 19 4 1
1 19 4 2
1 9 4 2
1 9 5 2
1 6 5 0
1 19 5 2
1 6 5 1
1 6 6 2
1 6 6 9
1 19 6 3
1 6 6 0
1 6 6 1
1 6 7 1
1 6 7 3
1 6 8 3
1 3 8 15
1 6 8 3
1 6 9 3
1 19 9 3
1 6 10 5
1 9 11 15
1 6 11 1
1 9 12 21
1 19 12 6
1 19 12 8
1 6 12 2
1 7 13 23
1 19 13 4
1 6 13 11
1 19 13 8
1 9 14 19
1 9 14 23
1 6 14 4
1 19 14 5
1 6 14 9
1 19 14 11
1 6 15 19
1 6 15 3
1 9 16 27
1 6 16 7
1 19 16 25
1 9 17 17
1 9 17 25
1 9 17 34
1 6 17 6
1 6 18 7
1 6 18 0
1 20 19 78
1 6 19 9
1 6 20 48
1 6 20 8
1 20 21 53
1 6 22 4
1 6 22 12
1 6 23 10
1 6 23 12
1 6 23 5
1 6 23 0
1 6 24 13
1 9 26 32
1 6 26 14
1 9 27 36
1 6 27 18
1 6 27 35
1 6 28 62
1 6 28 10
1 6 30 46
1 19 31 33
1 6 34 41
1 6 34 50
1 6 34 22
1 6 36 45
1 6 37 21
1 6 39 22
1 6 40 42
1 21 40 102
1 19 43 62
1 6 44 24
1 6 47 23
1 6 60 80
2 10 0 1
2 10 1 0
2 10 1 0
2 10 1 0
2 10 1 0
2 13 2 2
2 1 3 0
2 1 4 1
2 1 5 0
2 1 6 1
2 1 6 1
2 1 7 2
2 1 9 2
2 1 10 0
2 1 10 1
2 1 10 0
2 1 10 0
2 1 11 3
2 1 11 1
2 1 11 1
2 1 11 1
2 1 11 1
2 1 11 2
2 1 12 3
2 1 13 0
2 1 13 0
2 1 13 2
2 1 13 8
2 1 14 4
2 1 15 1
2 1 17 1
2 1 17 0
2 1 17 3
2 1 17 3
2 1 17 3
2 1 17 5
2 1 17 3
2 1 18 1
2 1 19 7
2 1 19 1
2 1 19 0
2 1 19 5
2 1 19 0
2 1 19 1
2 1 20 0
2 20 20 60
2 1 21 0
2 1 21 0
2 1 21 3
2 1 21 1
2 21 23 103
2 1 23 4
2 1 23 0
2 1 23 1
2 1 23 4
2 1 25 11
2 1 25 5
2 1 25 2
2 1 25 30
2 1 25 3
2 1 26 1
2 1 26 19
2 1 27 17
2 1 27 2
2 1 29 5
2 1 30 6
2 1 30 9
2 1 32 0
2 1 32 3
2 1 32 7
2 1 34 3
2 1 34 15
2 1 35 4
2 1 36 2
2 1 37 15
2 1 38 0
2 1 38 1
2 1 39 12
2 1 39 13
2 1 39 4
2 1 40 19
2 1 41 4
2 1 42 7
2 1 43 5
2 1 46 4
2 1 47 21
2 1 51 31
2 1 54 35
2 1 57 20
2 1 60 6
3 10 0 1
3 4 1 0
3 4 1 0
3 13 1 0
3 4 1 0
3 5 2 2
3 4 2 12
3 5 2 5
3 10 2 0
3 5 3 4
3 4 3 1
3 13 3 2
3 13 3 7
3 13 3 6
3 4 3 1
3 4 3 3
3 13 3 0
3 4 3 3
3 4 3 2
3 7 4 27
3 4 4 2
3 5 5 8
3 5 5 16
3 5 7 8
3 5 7 9
3 5 7 9
3 5 7 5
3 5 8 4
3 5 8 11
3 4 9 2
3 5 9 0
3 5 9 0
3 5 10 2
3 5 13 8
3 5 13 12
3 5 13 12
3 5 14 9
3 5 14 4
3 5 14 2
3 5 15 30
3 5 15 10
3 5 15 14
3 5 15 41
3 5 16 8
3 5 17 18
3 5 17 7
3 5 18 27
3 5 18 19
3 5 19 27
3 5 21 16
3 5 21 18
3 5 22 28
3 5 23 20
3 5 25 27
3 5 26 47
3 5 26 30
3 5 31 9
3 5 37 47
3 5 37 22
3 5 40 33
4 13 0 1
4 12 0 1
4 13 0 1
4 13 0 1
4 13 0 1
4 10 0 2
4 10 0 1
4 13 1 1
4 10 1 0
4 10 1 0
4 10 1 0
4 10 1 0
4 10 1 0
4 13 2 0
4 10 2 0
4 10 3 2
4 2 4 2
4 2 4 1
4 2 7 10
4 2 7 3
4 2 7 2
4 2 9 9
4 12 9 5
4 2 9 0
4 2 10 0
4 2 11 12
4 2 11 2
4 2 13 3
4 2 13 2
4 2 14 3
4 2 17 11
4 2 18 7
4 2 19 10
4 2 19 4
4 2 19 3
4 2 20 3
4 2 20 10
4 2 23 23
4 2 23 14
4 2 24 42
4 2 24 22
4 2 24 18
4 2 24 15
4 2 25 17
4 2 26 30
4 2 27 30
4 2 27 10
4 2 29 15
4 2 30 65
4 2 30 13
4 2 31 22
4 2 34 37
4 2 34 43
4 2 35 63
5 13 0 1
5 16 0 1
5 6 0 2
5 18 1 6
5 8 1 3
5 10 1 1
5 18 2 25
5 11 2 3
5 9 2 1
5 8 2 1
5 11 2 9
5 8 2 1
5 8 2 1
5 8 2 0
5 18 3 5
5 5 3 14
5 8 3 0
5 8 3 3
5 8 3 1
5 8 3 3
5 8 3 0
5 8 5 8
5 8 5 3
5 8 6 14
5 8 6 1
5 8 7 4
5 18 7 50
5 8 7 5
5 5 8 18
5 8 8 15
5 8 8 5
5 8 9 6
5 8 9 5
5 8 10 29
5 8 11 26
5 8 11 17
5 8 11 11
5 8 12 7
5 8 12 3
5 8 13 17
5 8 14 21
5 8 14 2
5 8 16 7
5 8 17 3
5 8 18 9
5 8 19 7
5 8 23 63
5 8 24 62
5 8 26 16
5 8 28 22
5 8 29 30
5 8 30 28
5 8 38 30
6 17 0 1
6 13 1 0
6 10 1 0
6 10 1 0
6 10 1 0
6 7 3 1
6 7 4 1
6 7 4 0
6 7 5 1
6 7 5 2
6 7 5 1
6 7 5 1
6 7 6 2
6 7 7 17
6 7 7 0
6 7 9 0
6 7 11 2
6 7 11 2
6 7 12 2
6 7 16 3
6 7 16 4
6 7 18 16
6 7 19 6
6 7 19 4
6 7 19 9
6 7 21 19
6 7 22 11
6 7 22 13
6 7 23 8
6 7 23 13
6 7 24 17
6 7 25 34
6 7 25 18
6 7 25 8
6 7 26 12
6 7 26 8
6 7 27 19
6 7 28 21
6 7 30 34
6 7 32 10
6 7 33 19
6 7 33 24
6 7 33 16
6 7 34 12
6 7 34 14
6 7 37 29
6 7 38 9
6 7 39 35
6 7 39 91
7 13 0 1
7 13 0 4
7 13 1 0
7 13 1 2
7 4 1 0
7 4 1 1
7 4 1 2
7 4 1 0
7 4 2 0
7 4 3 4
7 4 3 0
7 4 3 2
7 4 3 0
7 4 4 0
7 4 4 4
7 6 6 13
7 4 6 5
7 4 7 8
7 4 7 4
7 4 9 9
7 4 9 6
7 4 10 12
7 4 10 13
7 4 10 3
7 4 11 10
7 4 11 7
7 4 11 3
7 4 12 10
7 4 13 12
7 4 13 5
7 4 14 20
7 4 14 9
7 4 15 18
7 4 15 3
7 4 15 9
7 4 16 10
7 4 16 6
7 4 17 20
7 4 18 29
7 4 18 6
7 4 18 33
7 7 19 32
7 4 19 6
7 4 19 29
7 7 24 45
7 4 24 37
7 4 31 36
7 4 33 35
7 4 36 17
8 13 1 1
8 13 1 0
8 10 1 0
8 13 2 0
8 15 3 0
8 15 3 0
8 3 4 23
8 3 5 6
8 3 5 14
8 3 6 11
8 15 7 6
8 15 9 3
8 3 10 31
8 3 12 32
8 15 13 1
8 3 14 48
8 15 15 20
8 15 15 3
8 15 16 11
8 15 16 13
8 15 17 11
8 15 18 4
8 15 19 18
8 15 20 22
8 15 20 7
8 15 21 23
8 15 22 6
8 15 24 22
8 15 24 10
8 15 24 1
8 15 24 1
8 15 25 26
8 15 27 28
8 15 27 24
8 15 28 30
8 15 29 23
8 15 29 49
8 15 30 84
8 15 30 71
9 17 0 2
9 2 0 5
9 13 1 0
9 17 1 1
9 14 2 0
9 14 3 1
9 14 3 0
9 14 4 0
9 14 5 1
9 14 7 0
9 14 12 0
9 14 15 5
9 14 15 2
9 14 17 3
9 14 18 6
9 14 19 1
9 14 20 5
9 14 20 0
9 14 21 14
9 14 21 14
9 14 21 3
9 14 22 32
9 14 22 12
9 14 22 19
9 14 22 2
9 14 22 2
9 14 22 7
9 14 24 0
9 14 24 5
9 14 25 18
9 14 25 7
9 14 25 8
9 14 26 8
9 14 27 31
10 10 0 1
10 11 1 0
10 11 1 0
10 11 1 0
10 17 1 1
10 11 1 0
10 11 1 1
10 11 2 2
10 11 3 1
10 11 3 0
10 11 4 7
10 11 4 0
10 11 4 0
10 11 5 1
10 11 5 0
10 11 7 2
10 11 8 12
10 11 8 2
10 11 8 5
10 11 9 18
10 11 9 3
10 11 10 24
10 11 10 9
10 11 10 20
10 11 11 18
10 11 12 26
10 11 13 29
10 11 13 13
10 11 14 41
10 11 15 83
11 10 1 0
11 13 2 0
11 3 3 1
11 3 3 0
11 3 4 0
11 3 4 1
11 3 5 1
11 3 9 6
11 3 14 27
11 3 14 18
11 3 14 8
11 3 15 14
11 3 15 17
11 3 15 8
11 3 16 28
11 3 17 9
11 3 17 7
11 3 18 14
11 3 19 25
11 3 21 7
11 3 21 33
11 3 22 25
11 3 22 39
11 3 22 30
11 3 22 14
11 3 24 12
11 3 24 62
11 3 25 41
11 3 26 32
12 12 1 0
12 12 3 0
12 12 3 0
12 2 4 25
12 2 4 9
12 12 4 0
12 12 4 1
12 12 5 4
12 12 9 2
12 12 11 3
12 12 12 0
12 12 12 0
12 12 13 1
12 12 14 4
12 12 15 6
12 12 15 5
12 12 16 6
12 12 17 36
12 12 18 23
12 12 18 7
12 12 18 23
12 12 19 43
12 12 20 13
12 12 20 14
12 12 21 6
12 12 21 17
12 12 23 42
12 12 24 19
12 12 25 15
13 15 0 8
13 13 0 3
13 17 0 1
13 19 0 3
13 10 0 1
13 10 0 1
13 13 0 1
13 18 0 1
13 3 1 27
13 5 1 4
13 2 1 6
13 20 1 10
13 13 1 1
13 17 1 1
13 9 1 1
13 20 2 24
13 5 2 37
13 5 2 8
13 20 2 6
13 3 3 11
13 11 3 23
13 20 3 2
13 2 3 13
13 20 4 40
13 5 5 8
13 20 5 18
13 16 5 4
13 3 6 9
14 4 0 2
14 5 1 27
14 22 1 5
14 16 1 3
14 20 1 14
14 20 1 7
14 4 1 7
14 13 1 1
14 12 1 3
14 16 1 4
14 11 1 1
14 20 1 0
14 12 1 0
14 20 1 4
14 11 2 14
14 14 2 15
14 20 2 3
14 13 2 0
14 8 3 11
14 5 3 15
14 20 3 6
14 12 3 1
14 5 3 20
14 8 3 6
14 5 4 57
14 20 5 18
14 20 6 7
15 3 1 4
15 13 1 1
15 3 2 1
15 5 3 6
15 3 3 0
15 3 4 1
15 3 7 4
15 3 10 10
15 3 12 6
15 3 13 20
15 3 13 10
15 3 14 14
15 3 16 18
15 3 16 15
15 3 17 18
15 3 17 15
15 3 17 37
15 3 18 19
15 3 19 49
15 3 19 73
15 3 19 54
15 3 19 52
15 3 20 35
15 3 20 3
15 3 21 79
15 3 23 73
16 11 0 13
16 10 0 1
16 10 0 1
16 10 0 1
16 3 0 11
16 10 0 1
16 2 1 4
16 10 1 0
16 15 2 55
16 18 2 14
16 13 2 0
16 11 2 1
16 2 3 4
16 2 8 15
16 2 9 9
16 2 10 18
16 2 11 31
16 2 11 27
16 2 12 29
16 2 12 26
16 2 12 21
16 2 12 12
16 2 13 21
16 2 13 60
16 2 17 103
17 10 0 2
17 17 1 0
17 17 3 0
17 17 4 3
17 19 4 1
17 17 7 0
17 17 10 0
17 17 10 8
17 17 11 3
17 17 13 3
17 17 13 6
17 17 14 9
17 17 14 0
17 17 16 4
17 17 16 6
17 20 16 51
17 17 18 1
17 17 18 16
17 17 18 9
17 17 19 7
17 17 19 2
17 17 21 13
17 16 21 43
17 17 23 15
18 16 2 10
18 1 2 29
18 16 3 2
18 16 5 1
18 16 5 0
18 19 9 27
18 12 9 20
18 20 9 67
18 22 11 163
18 21 12 294
18 16 13 11
18 21 14 92
18 21 14 127
18 20 14 84
18 22 15 174
18 19 15 91
18 22 16 163
18 5 16 65
18 21 18 165
18 22 20 179
18 16 20 91
18 7 20 90
19 18 1 0
19 18 2 1
19 18 3 2
19 18 6 4
19 18 6 2
19 18 7 2
19 18 8 10
19 18 8 28
19 18 8 4
19 18 9 35
19 18 10 14
19 18 10 22
19 18 11 6
19 18 12 19
19 18 15 32
19 18 15 61
19 18 17 15
19 18 17 30
19 18 17 20
20 10 0 1
20 9 4 2
20 9 4 1
20 9 6 2
20 9 6 0
20 9 10 18
20 9 11 16
20 9 13 46
20 9 13 17
20 9 13 20
20 9 13 14
20 9 13 13
20 9 14 63
20 9 14 25
20 9 14 24
20 9 14 10
20 9 16 99
20 9 17 86
21 16 2 5
21 16 3 8
21 16 5 24
21 16 6 1
21 16 7 9
21 16 7 32
21 16 9 41
21 16 9 9
21 16 10 44
21 16 11 3
21 16 11 21
21 16 12 5
21 16 12 7
21 16 12 7
21 16 13 93
22 9 1 2
22 13 1 0
22 2 3 0
22 2 4 2
22 2 5 6
22 2 7 12
22 2 7 1
22 15 9 99
22 2 9 12
22 2 10 49
22 2 10 87
22 2 10 66
22 2 11 17
