1 1 0 2
1 1 0 2
1 15 0 1
1 15 0 1
1 3 1 0
1 2 1 2
1 1 1 4
1 3 1 0
1 1 1 1
1 1 1 0
1 3 1 0
1 3 1 0
1 1 1 1
1 15 1 0
1 15 2 2
1 15 2 1
1 15 2 0
1 3 2 0
1 3 3 0
1 3 3 0
1 3 3 0
1 15 4 1
1 3 4 0
1 1 4 2
1 15 4 0
1 8 4 1
1 1 4 2
1 1 4 2
1 1 5 2
1 3 5 0
1 3 5 2
1 3 5 1
1 3 6 2
1 1 6 9
1 3 6 3
1 3 6 0
1 3 6 1
1 3 7 1
1 3 7 3
1 3 8 3
1 1 8 15
1 3 8 3
1 3 9 3
1 15 9 3
1 1 10 5
1 1 11 15
1 3 11 1
1 1 12 21
1 15 12 6
1 15 12 8
1 3 12 2
1 1 13 23
1 3 13 4
1 1 13 11
1 15 13 8
1 1 14 19
1 1 14 23
1 3 14 4
1 15 14 5
1 1 14 9
1 15 14 11
1 3 15 19
1 3 15 3
1 1 16 27
1 3 16 7
1 1 16 25
1 1 17 17
1 1 17 25
1 1 17 34
1 3 17 6
1 3 18 7
1 3 18 0
1 1 19 78
1 3 19 9
1 1 20 48
1 3 20 8
1 1 21 53
1 3 22 4
1 3 22 12
1 3 23 10
1 1 23 12
1 3 23 5
1 3 23 0
1 3 24 13
1 1 26 32
1 3 26 14
1 1 27 36
1 3 27 18
1 3 27 35
1 1 28 62
1 3 28 10
1 1 30 46
1 1 31 33
1 1 34 41
1 1 34 50
1 3 34 22
1 1 36 45
1 3 37 21
1 1 39 22
1 3 40 42
1 1 40 102
1 1 43 62
1 3 44 24
1 1 47 23
1 1 60 80
2 3 0 1
2 8 1 0
2 7 1 0
2 8 1 0
2 7 1 0
2 7 2 2
2 8 3 0
2 8 4 1
2 8 5 0
2 1 6 1
2 1 6 1
2 1 7 2
2 1 9 2
2 8 10 0
2 7 10 1
2 7 10 0
2 7 10 0
2 8 11 3
2 8 11 1
2 8 11 1
2 7 11 1
2 7 11 1
2 1 11 2
2 1 12 3
2 8 13 0
2 7 13 0
2 7 13 2
2 8 13 8
2 7 14 4
2 8 15 1
2 8 17 1
2 7 17 0
2 1 17 3
2 7 17 3
2 1 17 3
2 7 17 5
2 8 17 3
2 7 18 1
2 7 19 7
2 8 19 1
2 7 19 0
2 8 19 5
2 7 19 0
2 8 19 1
2 7 20 0
2 1 20 60
2 8 21 0
2 7 21 0
2 8 21 3
2 7 21 1
2 1 23 103
2 8 23 4
2 8 23 0
2 8 23 1
2 7 23 4
2 7 25 11
2 7 25 5
2 8 25 2
2 1 25 30
2 7 25 3
2 8 26 1
2 1 26 19
2 1 27 17
2 7 27 2
2 7 29 5
2 7 30 6
2 7 30 9
2 7 32 0
2 8 32 3
2 7 32 7
2 7 34 3
2 1 34 15
2 8 35 4
2 7 36 2
2 1 37 15
2 8 38 0
2 7 38 1
2 7 39 12
2 1 39 13
2 8 39 4
2 1 40 19
2 7 41 4
2 8 42 7
2 8 43 5
2 8 46 4
2 1 47 21
2 1 51 31
2 1 54 35
2 1 57 20
2 7 60 6
3 4 0 1
3 21 1 0
3 21 1 0
3 5 1 0
3 21 1 0
3 5 2 2
3 1 2 12
3 1 2 5
3 22 2 0
3 5 3 4
3 15 3 1
3 5 3 2
3 17 3 7
3 17 3 6
3 22 3 1
3 6 3 3
3 17 3 0
3 6 3 3
3 5 3 2
3 1 4 27
3 6 4 2
3 5 5 8
3 1 5 16
3 5 7 8
3 1 7 9
3 5 7 9
3 5 7 5
3 5 8 4
3 1 8 11
3 12 9 2
3 5 9 0
3 5 9 0
3 5 10 2
3 5 13 8
3 1 13 12
3 5 13 12
3 5 14 9
3 5 14 4
3 5 14 2
3 5 15 30
3 5 15 10
3 5 15 14
3 1 15 41
3 5 16 8
3 5 17 18
3 5 17 7
3 1 18 27
3 5 18 19
3 5 19 27
3 5 21 16
3 1 21 18
3 1 22 28
3 5 23 20
3 1 25 27
3 1 26 47
3 1 26 30
3 5 31 9
3 1 37 47
3 5 37 22
3 5 40 33
4 15 0 1
4 13 0 1
4 18 0 1
4 17 0 1
4 2 0 1
4 1 0 2
4 18 0 1
4 18 1 1
4 2 1 0
4 17 1 0
4 2 1 0
4 2 1 0
4 17 1 0
4 17 2 0
4 17 2 0
4 2 3 2
4 2 4 2
4 2 4 1
4 2 7 10
4 2 7 3
4 2 7 2
4 2 9 9
4 13 9 5
4 17 9 0
4 17 10 0
4 2 11 12
4 2 11 2
4 17 13 3
4 17 13 2
4 17 14 3
4 2 17 11
4 2 18 7
4 2 19 10
4 17 19 4
4 17 19 3
4 17 20 3
4 2 20 10
4 2 23 23
4 2 23 14
4 1 24 42
4 2 24 22
4 2 24 18
4 2 24 15
4 2 25 17
4 2 26 30
4 1 27 30
4 2 27 10
4 2 29 15
4 1 30 65
4 2 30 13
4 2 31 22
4 2 34 37
4 2 34 43
4 1 35 63
5 5 0 1
5 2 0 1
5 3 0 2
5 16 1 6
5 1 1 3
5 10 1 1
5 16 2 25
5 11 2 3
5 10 2 1
5 10 2 1
5 1 2 9
5 10 2 1
5 10 2 1
5 10 2 0
5 1 3 5
5 1 3 14
5 10 3 0
5 1 3 3
5 10 3 1
5 1 3 3
5 10 3 0
5 1 5 8
5 10 5 3
5 1 6 14
5 10 6 1
5 10 7 4
5 1 7 50
5 10 7 5
5 1 8 18
5 1 8 15
5 10 8 5
5 10 9 6
5 10 9 5
5 1 10 29
5 1 11 26
5 1 11 17
5 1 11 11
5 10 12 7
5 10 12 3
5 1 13 17
5 1 14 21
5 10 14 2
5 10 16 7
5 10 17 3
5 10 18 9
5 10 19 7
5 1 23 63
5 1 24 62
5 10 26 16
5 10 28 22
5 1 29 30
5 10 30 28
5 10 38 30
6 1 0 1
6 4 1 0
6 4 1 0
6 4 1 0
6 4 1 0
6 4 3 1
6 4 4 1
6 4 4 0
6 4 5 1
6 4 5 2
6 4 5 1
6 4 5 1
6 4 6 2
6 1 7 17
6 4 7 0
6 4 9 0
6 4 11 2
6 4 11 2
6 4 12 2
6 4 16 3
6 4 16 4
6 4 18 16
6 4 19 6
6 4 19 4
6 4 19 9
6 4 21 19
6 4 22 11
6 4 22 13
6 4 23 8
6 4 23 13
6 4 24 17
6 1 25 34
6 4 25 18
6 4 25 8
6 4 26 12
6 4 26 8
6 4 27 19
6 4 28 21
6 4 30 34
6 4 32 10
6 4 33 19
6 4 33 24
6 4 33 16
6 4 34 12
6 4 34 14
6 1 37 29
6 4 38 9
6 4 39 35
6 1 39 91
7 4 0 1
7 2 0 4
7 6 1 0
7 5 1 2
7 6 1 0
7 6 1 1
7 1 1 2
7 6 1 0
7 6 2 0
7 3 3 4
7 6 3 0
7 6 3 2
7 6 3 0
7 6 4 0
7 6 4 4
7 3 6 13
7 6 6 5
7 6 7 8
7 6 7 4
7 6 9 9
7 6 9 6
7 6 10 12
7 1 10 13
7 6 10 3
7 6 11 10
7 6 11 7
7 6 11 3
7 6 12 10
7 6 13 12
7 6 13 5
7 1 14 20
7 6 14 9
7 6 15 18
7 6 15 3
7 6 15 9
7 6 16 10
7 6 16 6
7 6 17 20
7 1 18 29
7 6 18 6
7 1 18 33
7 1 19 32
7 6 19 6
7 1 19 29
7 4 24 45
7 6 24 37
7 6 31 36
7 1 33 35
7 6 36 17
8 1 1 1
8 12 1 0
8 12 1 0
8 1 2 0
8 12 3 0
8 12 3 0
8 1 4 23
8 1 5 6
8 1 5 14
8 1 6 11
8 12 7 6
8 12 9 3
8 1 10 31
8 1 12 32
8 12 13 1
8 1 14 48
8 12 15 20
8 12 15 3
8 12 16 11
8 12 16 13
8 12 17 11
8 12 18 4
8 12 19 18
8 12 20 22
8 12 20 7
8 1 21 23
8 12 22 6
8 12 24 22
8 12 24 10
8 12 24 1
8 12 24 1
8 1 25 26
8 1 27 28
8 12 27 24
8 1 28 30
8 12 29 23
8 1 29 49
8 1 30 84
8 1 30 71
9 1 0 2
9 1 0 5
9 9 1 0
9 19 1 1
9 9 2 0
9 9 3 1
9 9 3 0
9 9 4 0
9 9 5 1
9 9 7 0
9 9 12 0
9 9 15 5
9 9 15 2
9 9 17 3
9 9 18 6
9 9 19 1
9 9 20 5
9 9 20 0
9 9 21 14
9 9 21 14
9 9 21 3
9 1 22 32
9 9 22 12
9 9 22 19
9 9 22 2
9 9 22 2
9 9 22 7
9 9 24 0
9 9 24 5
9 9 25 18
9 9 25 7
9 9 25 8
9 9 26 8
9 1 27 31
10 18 0 1
10 11 1 0
10 11 1 0
10 11 1 0
10 1 1 1
10 11 1 0
10 11 1 1
10 11 2 2
10 11 3 1
10 11 3 0
10 11 4 7
10 11 4 0
10 11 4 0
10 11 5 1
10 11 5 0
10 11 7 2
10 11 8 12
10 11 8 2
10 11 8 5
10 11 9 18
10 11 9 3
10 1 10 24
10 11 10 9
10 11 10 20
10 1 11 18
10 11 12 26
10 1 13 29
10 1 13 13
10 1 14 41
10 1 15 83
11 14 1 0
11 14 2 0
11 14 3 1
11 14 3 0
11 14 4 0
11 14 4 1
11 14 5 1
11 14 9 6
11 1 14 27
11 14 14 18
11 14 14 8
11 14 15 14
11 14 15 17
11 14 15 8
11 1 16 28
11 14 17 9
11 14 17 7
11 14 18 14
11 14 19 25
11 14 21 7
11 14 21 33
11 14 22 25
11 1 22 39
11 1 22 30
11 14 22 14
11 14 24 12
11 1 24 62
11 1 25 41
11 1 26 32
12 13 1 0
12 13 3 0
12 13 3 0
12 1 4 25
12 1 4 9
12 13 4 0
12 13 4 1
12 13 5 4
12 13 9 2
12 13 11 3
12 13 12 0
12 13 12 0
12 13 13 1
12 13 14 4
12 13 15 6
12 13 15 5
12 13 16 6
12 1 17 36
12 1 18 23
12 13 18 7
12 13 18 23
12 1 19 43
12 13 20 13
12 13 20 14
12 13 21 6
12 13 21 17
12 1 23 42
12 1 24 19
12 13 25 15
13 1 0 8
13 15 0 3
13 1 0 1
13 3 0 3
13 6 0 1
13 15 0 1
13 3 0 1
13 16 0 1
13 1 1 27
13 5 1 4
13 18 1 6
13 1 1 10
13 15 1 1
13 1 1 1
13 1 1 1
13 1 2 24
13 5 2 37
13 1 2 8
13 5 2 6
13 1 3 11
13 1 3 23
13 15 3 2
13 1 3 13
13 1 4 40
13 1 5 8
13 1 5 18
13 2 5 4
13 15 6 9
14 1 0 2
14 1 1 27
14 1 1 5
14 1 1 3
14 1 1 14
14 1 1 7
14 1 1 7
14 1 1 1
14 1 1 3
14 5 1 4
14 11 1 1
14 15 1 0
14 1 1 0
14 5 1 4
14 1 2 14
14 1 2 15
14 1 2 3
14 15 2 0
14 10 3 11
14 5 3 15
14 1 3 6
14 13 3 1
14 1 3 20
14 1 3 6
14 1 4 57
14 1 5 18
14 1 6 7
15 1 1 4
15 1 1 1
15 18 2 1
15 5 3 6
15 1 3 0
15 1 4 1
15 1 7 4
15 1 10 10
15 1 12 6
15 1 13 20
15 1 13 10
15 1 14 14
15 1 16 18
15 1 16 15
15 1 17 18
15 1 17 15
15 1 17 37
15 1 18 19
15 1 19 49
15 1 19 73
15 1 19 54
15 1 19 52
15 1 20 35
15 1 20 3
15 1 21 79
15 1 23 73
16 11 0 13
16 18 0 1
16 18 0 1
16 14 0 1
16 1 0 11
16 14 0 1
16 18 1 4
16 17 1 0
16 12 2 55
16 16 2 14
16 18 2 0
16 2 2 1
16 2 3 4
16 2 8 15
16 2 9 9
16 2 10 18
16 2 11 31
16 2 11 27
16 2 12 29
16 2 12 26
16 2 12 21
16 2 12 12
16 2 13 21
16 2 13 60
16 1 17 103
17 18 0 2
17 20 1 0
17 20 3 0
17 19 4 3
17 20 4 1
17 20 7 0
17 20 10 0
17 19 10 8
17 20 11 3
17 19 13 3
17 19 13 6
17 19 14 9
17 20 14 0
17 19 16 4
17 19 16 6
17 1 16 51
17 20 18 1
17 19 18 16
17 19 18 9
17 19 19 7
17 20 19 2
17 19 21 13
17 1 21 43
17 19 23 15
18 2 2 10
18 1 2 29
18 1 3 2
18 1 5 1
18 1 5 0
18 1 9 27
18 1 9 20
18 1 9 67
18 1 11 163
18 1 12 294
18 1 13 11
18 1 14 92
18 1 14 127
18 1 14 84
18 1 15 174
18 1 15 91
18 1 16 163
18 1 16 65
18 1 18 165
18 1 20 179
18 1 20 91
18 1 20 90
19 16 1 0
19 16 2 1
19 16 3 2
19 16 6 4
19 16 6 2
19 16 7 2
19 16 8 10
19 1 8 28
19 16 8 4
19 1 9 35
19 16 10 14
19 1 10 22
19 16 11 6
19 16 12 19
19 16 15 32
19 1 15 61
19 16 17 15
19 1 17 30
19 16 17 20
20 22 0 1
20 1 4 2
20 1 4 1
20 1 6 2
20 1 6 0
20 1 10 18
20 1 11 16
20 1 13 46
20 1 13 17
20 1 13 20
20 1 13 14
20 1 13 13
20 1 14 63
20 1 14 25
20 1 14 24
20 1 14 10
20 1 16 99
20 1 17 86
21 1 2 5
21 2 3 8
21 2 5 24
21 2 6 1
21 1 7 9
21 2 7 32
21 1 9 41
21 2 9 9
21 1 10 44
21 2 11 3
21 2 11 21
21 2 12 5
21 2 12 7
21 2 12 7
21 1 13 93
22 1 1 2
22 18 1 0
22 18 3 0
22 18 4 2
22 18 5 6
22 1 7 12
22 18 7 1
22 1 9 99
22 18 9 12
22 1 10 49
22 1 10 87
22 1 10 66
22 2 11 17
