1 1 0 2
1 1 0 2
1 1 0 1
1 1 0 1
1 1 1 0
1 1 1 2
1 1 1 4
1 1 1 0
1 1 1 1
1 1 1 0
1 1 1 0
1 1 1 0
1 1 1 1
1 1 1 0
1 1 2 2
1 1 2 1
1 1 2 0
1 1 2 0
1 1 3 0
1 1 3 0
1 1 3 0
1 1 4 1
1 1 4 0
1 1 4 2
1 1 4 0
1 1 4 1
1 1 4 2
1 1 4 2
1 1 5 2
1 1 5 0
1 1 5 2
1 1 5 1
1 1 6 2
1 1 6 9
1 1 6 3
1 1 6 0
1 1 6 1
1 1 7 1
1 1 7 3
1 1 8 3
1 1 8 15
1 1 8 3
1 1 9 3
1 1 9 3
1 1 10 5
1 14 11 15
1 6 11 1
1 14 12 21
1 1 12 6
1 1 12 8
1 18 12 2
1 18 13 23
1 1 13 4
1 6 13 11
1 1 13 8
1 14 14 19
1 14 14 23
1 6 14 4
1 1 14 5
1 1 14 9
1 1 14 11
1 18 15 19
1 6 15 3
1 14 16 27
1 6 16 7
1 13 16 25
1 14 17 17
1 14 17 25
1 14 17 34
1 6 17 6
1 6 18 7
1 6 18 0
1 1 19 78
1 6 19 9
1 18 20 48
1 18 20 8
1 1 21 53
1 6 22 4
1 6 22 12
1 18 23 10
1 6 23 12
1 18 23 5
1 6 23 0
1 6 24 13
1 14 26 32
1 6 26 14
1 14 27 36
1 6 27 18
1 18 27 35
1 6 28 62
1 18 28 10
1 6 30 46
1 6 31 33
1 18 34 41
1 18 34 50
1 6 34 22
1 6 36 45
1 6 37 21
1 6 39 22
1 18 40 42
1 6 40 102
1 6 43 62
1 6 44 24
1 6 47 23
1 6 60 80
2 1 0 1
2 1 1 0
2 1 1 0
2 1 1 0
2 1 1 0
2 1 2 2
2 1 3 0
2 1 4 1
2 1 5 0
2 1 6 1
2 1 6 1
2 1 7 2
2 1 9 2
2 1 10 0
2 1 10 1
2 1 10 0
2 1 10 0
2 1 11 3
2 1 11 1
2 1 11 1
2 1 11 1
2 1 11 1
2 1 11 2
2 1 12 3
2 1 13 0
2 1 13 0
2 2 13 2
2 1 13 8
2 1 14 4
2 1 15 1
2 2 17 1
2 2 17 0
2 2 17 3
2 2 17 3
2 2 17 3
2 2 17 5
2 2 17 3
2 2 18 1
2 2 19 7
2 2 19 1
2 2 19 0
2 2 19 5
2 2 19 0
2 2 19 1
2 2 20 0
2 1 20 60
2 2 21 0
2 2 21 0
2 2 21 3
2 2 21 1
2 11 23 103
2 2 23 4
2 2 23 0
2 2 23 1
2 2 23 4
2 2 25 11
2 2 25 5
2 2 25 2
2 2 25 30
2 2 25 3
2 2 26 1
2 2 26 19
2 2 27 17
2 2 27 2
2 2 29 5
2 2 30 6
2 2 30 9
2 2 32 0
2 2 32 3
2 2 32 7
2 2 34 3
2 2 34 15
2 2 35 4
2 2 36 2
2 2 37 15
2 2 38 0
2 2 38 1
2 2 39 12
2 2 39 13
2 2 39 4
2 2 40 19
2 2 41 4
2 2 42 7
2 2 43 5
2 2 46 4
2 2 47 21
2 2 51 31
2 2 54 35
2 2 57 20
2 2 60 6
3 1 0 1
3 1 1 0
3 1 1 0
3 1 1 0
3 1 1 0
3 1 2 2
3 1 2 12
3 1 2 5
3 1 2 0
3 1 3 4
3 1 3 1
3 1 3 2
3 1 3 7
3 1 3 6
3 1 3 1
3 1 3 3
3 1 3 0
3 1 3 3
3 1 3 2
3 1 4 27
3 1 4 2
3 1 5 8
3 1 5 16
3 1 7 8
3 1 7 9
3 1 7 9
3 1 7 5
3 1 8 4
3 5 8 11
3 1 9 2
3 1 9 0
3 1 9 0
3 5 10 2
3 5 13 8
3 5 13 12
3 5 13 12
3 5 14 9
3 5 14 4
3 5 14 2
3 5 15 30
3 5 15 10
3 5 15 14
3 5 15 41
3 5 16 8
3 5 17 18
3 5 17 7
3 5 18 27
3 5 18 19
3 18 19 27
3 5 21 16
3 5 21 18
3 5 22 28
3 5 23 20
3 5 25 27
3 5 26 47
3 5 26 30
3 5 31 9
3 5 37 47
3 5 37 22
3 5 40 33
4 1 0 1
4 1 0 1
4 1 0 1
4 1 0 1
4 1 0 1
4 1 0 2
4 1 0 1
4 1 1 1
4 1 1 0
4 1 1 0
4 1 1 0
4 1 1 0
4 1 1 0
4 1 2 0
4 1 2 0
4 1 3 2
4 1 4 2
4 1 4 1
4 1 7 10
4 1 7 3
4 1 7 2
4 1 9 9
4 1 9 5
4 1 9 0
4 1 10 0
4 3 11 12
4 1 11 2
4 1 13 3
4 1 13 2
4 3 14 3
4 3 17 11
4 3 18 7
4 3 19 10
4 3 19 4
4 3 19 3
4 3 20 3
4 3 20 10
4 3 23 23
4 3 23 14
4 3 24 42
4 3 24 22
4 3 24 18
4 3 24 15
4 3 25 17
4 3 26 30
4 3 27 30
4 3 27 10
4 3 29 15
4 3 30 65
4 3 30 13
4 3 31 22
4 3 34 37
4 3 34 43
4 3 35 63
5 1 0 1
5 1 0 1
5 1 0 2
5 16 1 6
5 1 1 3
5 1 1 1
5 16 2 25
5 1 2 3
5 1 2 1
5 1 2 1
5 1 2 9
5 1 2 1
5 1 2 1
5 1 2 0
5 1 3 5
5 1 3 14
5 1 3 0
5 1 3 3
5 1 3 1
5 1 3 3
5 1 3 0
5 1 5 8
5 1 5 3
5 9 6 14
5 1 6 1
5 1 7 4
5 16 7 50
5 9 7 5
5 1 8 18
5 9 8 15
5 9 8 5
5 9 9 6
5 9 9 5
5 9 10 29
5 9 11 26
5 9 11 17
5 9 11 11
5 9 12 7
5 9 12 3
5 9 13 17
5 9 14 21
5 9 14 2
5 9 16 7
5 9 17 3
5 9 18 9
5 9 19 7
5 9 23 63
5 9 24 62
5 9 26 16
5 9 28 22
5 9 29 30
5 9 30 28
5 9 38 30
6 1 0 1
6 1 1 0
6 1 1 0
6 1 1 0
6 1 1 0
6 1 3 1
6 1 4 1
6 1 4 0
6 1 5 1
6 1 5 2
6 1 5 1
6 1 5 1
6 1 6 2
6 1 7 17
6 1 7 0
6 1 9 0
6 1 11 2
6 1 11 2
6 4 12 2
6 4 16 3
6 4 16 4
6 4 18 16
6 4 19 6
6 4 19 4
6 4 19 9
6 4 21 19
6 4 22 11
6 4 22 13
6 4 23 8
6 4 23 13
6 4 24 17
6 4 25 34
6 4 25 18
6 4 25 8
6 4 26 12
6 4 26 8
6 4 27 19
6 4 28 21
6 4 30 34
6 4 32 10
6 4 33 19
6 4 33 24
6 4 33 16
6 4 34 12
6 4 34 14
6 4 37 29
6 4 38 9
6 4 39 35
6 4 39 91
7 1 0 1
7 1 0 4
7 1 1 0
7 1 1 2
7 1 1 0
7 1 1 1
7 1 1 2
7 1 1 0
7 1 2 0
7 1 3 4
7 1 3 0
7 1 3 2
7 1 3 0
7 1 4 0
7 1 4 4
7 6 6 13
7 1 6 5
7 1 7 8
7 1 7 4
7 7 9 9
7 7 9 6
7 7 10 12
7 7 10 13
7 7 10 3
7 7 11 10
7 7 11 7
7 7 11 3
7 7 12 10
7 7 13 12
7 7 13 5
7 7 14 20
7 7 14 9
7 18 15 18
7 7 15 3
7 7 15 9
7 7 16 10
7 7 16 6
7 7 17 20
7 7 18 29
7 7 18 6
7 7 18 33
7 7 19 32
7 7 19 6
7 7 19 29
7 4 24 45
7 7 24 37
7 7 31 36
7 7 33 35
7 7 36 17
8 1 1 1
8 1 1 0
8 1 1 0
8 1 2 0
8 1 3 0
8 1 3 0
8 1 4 23
8 1 5 6
8 13 5 14
8 1 6 11
8 1 7 6
8 8 9 3
8 12 10 31
8 12 12 32
8 8 13 1
8 1 14 48
8 8 15 20
8 8 15 3
8 8 16 11
8 8 16 13
8 8 17 11
8 8 18 4
8 8 19 18
8 8 20 22
8 8 20 7
8 8 21 23
8 8 22 6
8 8 24 22
8 8 24 10
8 8 24 1
8 8 24 1
8 8 25 26
8 8 27 28
8 8 27 24
8 8 28 30
8 8 29 23
8 8 29 49
8 8 30 84
8 8 30 71
9 1 0 2
9 1 0 5
9 1 1 0
9 1 1 1
9 1 2 0
9 1 3 1
9 1 3 0
9 1 4 0
9 1 5 1
9 1 7 0
9 10 12 0
9 10 15 5
9 10 15 2
9 10 17 3
9 10 18 6
9 10 19 1
9 10 20 5
9 10 20 0
9 10 21 14
9 10 21 14
9 10 21 3
9 10 22 32
9 10 22 12
9 10 22 19
9 10 22 2
9 10 22 2
9 10 22 7
9 10 24 0
9 10 24 5
9 10 25 18
9 10 25 7
9 10 25 8
9 10 26 8
9 10 27 31
10 1 0 1
10 1 1 0
10 1 1 0
10 1 1 0
10 1 1 1
10 1 1 0
10 1 1 1
10 1 2 2
10 1 3 1
10 1 3 0
10 1 4 7
10 1 4 0
10 1 4 0
10 1 5 1
10 1 5 0
10 1 7 2
10 19 8 12
10 1 8 2
10 1 8 5
10 19 9 18
10 1 9 3
10 19 10 24
10 19 10 9
10 19 10 20
10 19 11 18
10 19 12 26
10 19 13 29
10 19 13 13
10 19 14 41
10 19 15 83
11 1 1 0
11 1 2 0
11 1 3 1
11 1 3 0
11 1 4 0
11 1 4 1
11 1 5 1
11 1 9 6
11 12 14 27
11 12 14 18
11 12 14 8
11 12 15 14
11 12 15 17
11 12 15 8
11 12 16 28
11 12 17 9
11 12 17 7
11 12 18 14
11 12 19 25
11 12 21 7
11 12 21 33
11 12 22 25
11 12 22 39
11 12 22 30
11 12 22 14
11 12 24 12
11 12 24 62
11 12 25 41
11 12 26 32
12 1 1 0
12 1 3 0
12 1 3 0
12 1 4 25
12 1 4 9
12 1 4 0
12 1 4 1
12 1 5 4
12 15 9 2
12 15 11 3
12 15 12 0
12 15 12 0
12 15 13 1
12 15 14 4
12 15 15 6
12 15 15 5
12 15 16 6
12 15 17 36
12 15 18 23
12 15 18 7
12 15 18 23
12 15 19 43
12 15 20 13
12 15 20 14
12 15 21 6
12 15 21 17
12 15 23 42
12 15 24 19
12 15 25 15
13 1 0 8
13 1 0 3
13 1 0 1
13 1 0 3
13 1 0 1
13 1 0 1
13 1 0 1
13 1 0 1
13 1 1 27
13 1 1 4
13 1 1 6
13 1 1 10
13 1 1 1
13 1 1 1
13 1 1 1
13 1 2 24
13 18 2 37
13 1 2 8
13 1 2 6
13 1 3 11
13 19 3 23
13 1 3 2
13 1 3 13
13 1 4 40
13 1 5 8
13 1 5 18
13 1 5 4
13 1 6 9
14 1 0 2
14 11 1 27
14 1 1 5
14 1 1 3
14 1 1 14
14 1 1 7
14 1 1 7
14 1 1 1
14 1 1 3
14 1 1 4
14 1 1 1
14 1 1 0
14 1 1 0
14 1 1 4
14 1 2 14
14 1 2 15
14 1 2 3
14 1 2 0
14 1 3 11
14 1 3 15
14 1 3 6
14 1 3 1
14 1 3 20
14 1 3 6
14 5 4 57
14 1 5 18
14 1 6 7
15 1 1 4
15 1 1 1
15 1 2 1
15 1 3 6
15 1 3 0
15 1 4 1
15 1 7 4
15 13 10 10
15 13 12 6
15 13 13 20
15 13 13 10
15 13 14 14
15 13 16 18
15 13 16 15
15 13 17 18
15 13 17 15
15 13 17 37
15 13 18 19
15 13 19 49
15 13 19 73
15 13 19 54
15 13 19 52
15 13 20 35
15 13 20 3
15 13 21 79
15 13 23 73
16 19 0 13
16 1 0 1
16 1 0 1
16 1 0 1
16 13 0 11
16 1 0 1
16 1 1 4
16 1 1 0
16 8 2 55
16 16 2 14
16 1 2 0
16 1 2 1
16 1 3 4
16 3 8 15
16 3 9 9
16 3 10 18
16 3 11 31
16 3 11 27
16 3 12 29
16 3 12 26
16 3 12 21
16 3 12 12
16 3 13 21
16 3 13 60
16 3 17 103
17 1 0 2
17 1 1 0
17 1 3 0
17 1 4 3
17 1 4 1
17 1 7 0
17 17 10 0
17 17 10 8
17 17 11 3
17 17 13 3
17 17 13 6
17 17 14 9
17 17 14 0
17 17 16 4
17 17 16 6
17 17 16 51
17 17 18 1
17 17 18 16
17 17 18 9
17 17 19 7
17 17 19 2
17 17 21 13
17 17 21 43
17 17 23 15
18 11 2 10
18 1 2 29
18 1 3 2
18 1 5 1
18 1 5 0
18 11 9 27
18 11 9 20
18 11 9 67
18 20 11 163
18 20 12 294
18 11 13 11
18 11 14 92
18 20 14 127
18 11 14 84
18 22 15 174
18 22 15 91
18 20 16 163
18 11 16 65
18 20 18 165
18 20 20 179
18 11 20 91
18 4 20 90
19 1 1 0
19 1 2 1
19 1 3 2
19 16 6 4
19 16 6 2
19 16 7 2
19 16 8 10
19 16 8 28
19 16 8 4
19 16 9 35
19 16 10 14
19 16 10 22
19 16 11 6
19 16 12 19
19 16 15 32
19 16 15 61
19 16 17 15
19 16 17 30
19 16 17 20
20 1 0 1
20 1 4 2
20 1 4 1
20 1 6 2
20 1 6 0
20 14 10 18
20 14 11 16
20 14 13 46
20 14 13 17
20 14 13 20
20 14 13 14
20 14 13 13
20 21 14 63
20 14 14 25
20 14 14 24
20 14 14 10
20 14 16 99
20 21 17 86
21 1 2 5
21 1 3 8
21 11 5 24
21 11 6 1
21 11 7 9
21 11 7 32
21 11 9 41
21 11 9 9
21 11 10 44
21 11 11 3
21 11 11 21
21 11 12 5
21 11 12 7
21 11 12 7
21 11 13 93
22 1 1 2
22 1 1 0
22 1 3 0
22 1 4 2
22 1 5 6
22 1 7 12
22 1 7 1
22 19 9 99
22 1 9 12
22 3 10 49
22 3 10 87
22 1 10 66
22 1 11 17
