1 1 0 1
1 1 0 1
1 1 1 0
1 1 1 0
1 3 1 1
1 1 1 0
1 1 1 0
1 3 1 0
1 1 1 0
1 1 1 0
1 1 1 0
1 3 1 0
1 1 2 1
1 1 2 0
1 1 2 0
1 1 2 0
1 1 3 0
1 1 3 0
1 1 3 0
1 1 4 0
1 1 4 0
1 1 4 1
1 1 4 0
1 1 4 1
1 1 4 0
1 1 4 0
1 1 5 0
1 1 5 0
1 1 5 1
1 1 5 0
1 1 6 2
1 1 6 1
1 1 6 1
1 1 6 0
1 1 6 0
1 1 7 0
1 1 7 2
1 1 8 1
1 1 8 9
1 1 8 1
1 1 9 2
1 1 9 0
1 1 10 2
1 3 11 4
1 1 11 0
1 1 12 3
1 1 12 1
1 1 12 2
1 1 12 0
1 1 13 18
1 1 13 2
1 1 13 2
1 1 13 2
1 1 14 5
1 1 14 10
1 1 14 3
1 1 14 1
1 1 14 3
1 1 14 5
1 1 15 14
1 1 15 0
1 1 16 10
1 1 16 4
1 1 16 6
1 1 17 3
1 1 17 6
1 1 17 11
1 1 17 0
1 1 18 2
1 1 18 0
1 1 19 34
1 1 19 4
1 1 20 25
1 1 20 4
1 1 21 27
1 1 22 3
1 1 22 7
1 1 23 7
1 1 23 6
1 1 23 3
1 1 23 0
1 1 24 6
1 1 26 11
1 1 26 2
1 1 27 18
1 1 27 12
1 1 27 23
1 1 28 29
1 1 28 4
1 1 30 9
1 1 31 7
1 1 34 27
1 1 34 39
1 1 34 12
1 1 36 23
1 1 37 13
1 1 39 7
1 1 40 22
1 1 40 53
1 1 43 36
1 1 44 10
1 1 47 9
1 1 60 39
2 1 0 1
2 2 1 0
2 2 1 0
2 2 1 0
2 2 1 0
2 2 2 0
2 2 3 0
2 2 4 1
2 2 5 0
2 2 6 0
2 2 6 0
2 2 7 0
2 2 9 0
2 2 10 0
2 2 10 1
2 2 10 0
2 2 10 0
2 2 11 2
2 2 11 1
2 2 11 0
2 2 11 0
2 2 11 1
2 2 11 1
2 2 12 3
2 2 13 0
2 2 13 0
2 2 13 0
2 2 13 6
2 2 14 2
2 2 15 0
2 2 17 1
2 2 17 0
2 2 17 1
2 2 17 0
2 2 17 0
2 2 17 1
2 2 17 2
2 2 18 1
2 2 19 2
2 2 19 0
2 2 19 0
2 2 19 3
2 2 19 0
2 2 19 0
2 2 20 0
2 1 20 31
2 2 21 0
2 2 21 0
2 2 21 1
2 2 21 1
2 1 23 47
2 2 23 2
2 2 23 0
2 2 23 0
2 2 23 0
2 2 25 6
2 2 25 4
2 2 25 2
2 1 25 16
2 2 25 3
2 2 26 0
2 2 26 11
2 2 27 8
2 2 27 1
2 2 29 0
2 2 30 4
2 2 30 5
2 2 32 0
2 2 32 0
2 2 32 3
2 2 34 3
2 2 34 3
2 2 35 1
2 2 36 2
2 2 37 1
2 2 38 0
2 2 38 0
2 2 39 4
2 2 39 1
2 2 39 2
2 2 40 8
2 2 41 4
2 2 42 4
2 2 43 2
2 2 46 4
2 2 47 7
2 2 51 19
2 2 54 15
2 2 57 5
2 2 60 2
3 1 0 1
3 7 1 0
3 7 1 0
3 6 1 0
3 7 1 0
3 1 2 2
3 1 2 8
3 1 2 2
3 3 2 0
3 6 3 0
3 3 3 0
3 1 3 2
3 4 3 7
3 4 3 6
3 3 3 1
3 3 3 3
3 4 3 0
3 3 3 3
3 3 3 2
3 1 4 17
3 1 4 2
3 6 5 1
3 3 5 8
3 6 7 6
3 1 7 7
3 6 7 5
3 6 7 5
3 6 8 3
3 6 8 5
3 7 9 2
3 6 9 0
3 6 9 0
3 6 10 2
3 6 13 6
3 6 13 3
3 6 13 7
3 6 14 1
3 6 14 0
3 6 14 2
3 6 15 15
3 6 15 4
3 6 15 7
3 6 15 20
3 6 16 3
3 6 17 8
3 6 17 3
3 6 18 12
3 6 18 7
3 1 19 23
3 6 21 11
3 6 21 8
3 6 22 16
3 6 23 5
3 6 25 14
3 6 26 26
3 6 26 12
3 6 31 6
3 6 37 17
3 6 37 8
3 6 40 10
4 1 0 1
4 1 0 2
4 5 1 0
4 5 1 2
4 5 1 1
4 1 2 3
4 5 2 0
4 5 2 0
4 5 2 0
4 1 2 2
4 5 2 1
4 5 2 0
4 5 2 0
4 5 3 1
4 6 3 5
4 5 3 0
4 5 3 1
4 5 3 0
4 5 3 1
4 5 3 0
4 5 5 2
4 5 5 0
4 5 6 4
4 5 6 0
4 5 7 3
4 1 7 8
4 5 7 2
4 6 8 12
4 5 8 3
4 5 8 1
4 5 9 0
4 5 9 3
4 5 10 5
4 5 11 11
4 5 11 8
4 5 11 3
4 5 12 0
4 5 12 1
4 5 13 2
4 5 14 3
4 5 14 2
4 5 16 2
4 5 17 2
4 5 18 0
4 5 19 3
4 1 23 30
4 1 24 36
4 5 26 2
4 5 28 5
4 5 29 13
4 5 30 10
4 5 38 19
5 1 0 1
5 1 0 2
5 3 1 0
5 3 1 1
5 3 1 0
5 3 1 1
5 3 1 0
5 3 1 0
5 3 2 0
5 1 3 4
5 3 3 0
5 3 3 2
5 3 3 0
5 3 4 0
5 3 4 2
5 1 6 13
5 3 6 5
5 3 7 4
5 3 7 4
5 3 9 8
5 3 9 5
5 3 10 9
5 3 10 8
5 3 10 2
5 3 11 9
5 3 11 3
5 3 11 3
5 3 12 5
5 3 13 11
5 3 13 5
5 3 14 15
5 3 14 5
5 3 15 16
5 3 15 2
5 3 15 7
5 3 16 7
5 3 16 2
5 3 17 15
5 3 18 17
5 3 18 2
5 3 18 22
5 3 19 24
5 3 19 3
5 3 19 18
5 1 24 42
5 1 24 33
5 3 31 26
5 3 33 13
5 3 36 6
6 1 1 0
6 1 1 0
6 1 1 0
6 1 1 0
6 1 3 1
6 1 4 1
6 1 4 0
6 1 5 1
6 1 5 2
6 1 5 1
6 1 5 1
6 1 6 2
6 1 7 12
6 1 7 0
6 1 9 0
6 1 11 1
6 1 11 1
6 1 12 2
6 1 16 2
6 1 16 1
6 1 18 12
6 1 19 3
6 1 19 2
6 1 19 6
6 1 21 14
6 1 22 6
6 1 22 3
6 1 23 4
6 1 23 8
6 1 24 9
6 1 25 19
6 1 25 8
6 1 25 5
6 1 26 7
6 1 26 6
6 1 27 13
6 1 28 14
6 1 30 27
6 1 32 6
6 1 33 17
6 1 33 18
6 1 33 12
6 1 34 10
6 1 34 9
6 1 37 9
6 1 38 6
6 1 39 20
6 1 39 67
7 4 0 1
7 4 1 0
7 4 1 0
7 4 1 0
7 4 1 0
7 4 1 0
7 4 2 0
7 4 2 0
7 4 3 1
7 4 4 0
7 4 4 0
7 4 7 2
7 4 7 0
7 4 7 0
7 4 9 0
7 4 9 0
7 4 9 0
7 4 10 0
7 4 11 0
7 4 11 0
7 4 13 2
7 4 13 0
7 4 14 1
7 4 17 2
7 4 18 2
7 4 19 0
7 4 19 0
7 4 19 0
7 4 20 0
7 4 20 2
7 4 23 3
7 4 23 4
7 4 24 13
7 4 24 2
7 4 24 2
7 4 24 2
7 4 25 0
7 4 26 0
7 4 27 8
7 4 27 0
7 4 29 0
7 4 30 11
7 4 30 5
7 4 31 4
7 4 34 10
7 4 34 9
7 1 35 20
8 7 1 0
8 7 1 0
8 1 2 0
8 7 3 0
8 7 3 0
8 1 4 5
8 7 5 0
8 7 5 0
8 7 6 1
8 7 7 1
8 7 9 0
8 7 10 2
8 7 12 4
8 7 13 0
8 1 14 14
8 7 15 3
8 7 15 0
8 7 16 0
8 7 16 6
8 7 17 4
8 7 18 1
8 7 19 5
8 7 20 6
8 7 20 1
8 7 21 2
8 7 22 1
8 7 24 4
8 7 24 2
8 7 24 0
8 7 24 0
8 7 25 5
8 7 27 9
8 7 27 5
8 7 28 5
8 7 29 2
8 7 29 16
8 1 30 32
8 1 30 27
9 1 0 2
9 9 1 0
9 8 1 0
9 8 2 0
9 8 3 0
9 8 3 0
9 8 4 0
9 8 5 0
9 8 7 0
9 8 12 0
9 9 15 3
9 8 15 1
9 9 17 1
9 9 18 2
9 9 19 1
9 8 20 2
9 8 20 0
9 9 21 1
9 9 21 10
9 8 21 1
9 9 22 9
9 9 22 4
9 9 22 9
9 8 22 0
9 8 22 0
9 9 22 5
9 8 24 0
9 8 24 0
9 9 25 3
9 8 25 1
9 8 25 3
9 8 26 1
9 9 27 7
