1 1 1 0
1 1 1 0
1 1 1 0
1 1 1 0
1 1 1 0
1 1 1 0
1 1 1 0
1 1 1 0
1 1 1 0
1 1 1 0
1 1 2 0
1 1 2 0
1 1 2 0
1 1 2 0
1 1 3 0
1 1 3 0
1 1 3 0
1 1 4 0
1 1 4 0
1 1 4 1
1 1 4 0
1 1 4 1
1 1 4 0
1 1 4 0
1 1 5 0
1 1 5 0
1 1 5 0
1 1 5 0
1 1 6 0
1 1 6 0
1 1 6 0
1 1 6 0
1 1 6 0
1 1 7 0
1 1 7 0
1 1 8 1
1 2 8 1
1 1 8 0
1 2 9 0
1 1 9 0
1 2 10 1
1 2 11 0
1 1 11 0
1 1 12 2
1 2 12 1
1 2 12 0
1 2 12 0
1 2 13 1
1 2 13 0
1 2 13 7
1 2 13 0
1 2 14 0
1 2 14 1
1 2 14 2
1 2 14 1
1 2 14 1
1 2 14 0
1 2 15 2
1 2 15 0
1 2 16 2
1 2 16 0
1 2 16 2
1 2 17 0
1 2 17 0
1 2 17 2
1 2 17 4
1 2 18 0
1 2 18 1
1 2 19 1
1 2 19 11
1 2 20 2
1 2 20 4
1 2 21 10
1 2 22 0
1 2 22 1
1 2 23 3
1 2 23 0
1 2 23 0
1 2 23 1
1 2 24 4
1 2 26 2
1 2 26 0
1 2 27 3
1 2 27 5
1 2 27 13
1 2 28 1
1 2 28 10
1 2 30 1
1 2 31 0
1 2 34 11
1 2 34 20
1 2 34 1
1 2 36 6
1 2 37 5
1 2 39 2
1 2 40 11
1 2 40 17
1 2 43 10
1 2 44 1
1 2 47 3
1 2 60 11
2 1 0 1
2 1 1 0
2 1 1 0
2 1 1 0
2 1 1 0
2 1 2 0
2 1 3 0
2 1 4 1
2 1 5 0
2 1 6 0
2 1 6 0
2 1 7 0
2 1 9 0
2 1 10 1
2 1 10 0
2 1 10 0
2 1 10 0
2 1 11 0
2 1 11 1
2 1 11 1
2 1 11 2
2 1 11 0
2 1 11 0
2 1 12 2
2 1 13 0
2 1 13 0
2 1 13 5
2 1 13 0
2 1 14 1
2 1 15 0
2 1 17 0
2 1 17 0
2 1 17 0
2 1 17 0
2 1 17 1
2 1 17 1
2 1 17 0
2 1 18 0
2 1 19 0
2 1 19 1
2 1 19 0
2 1 19 0
2 1 19 0
2 1 19 0
2 1 20 0
2 1 20 17
2 1 21 0
2 1 21 0
2 1 21 0
2 1 21 0
2 1 23 0
2 1 23 0
2 1 23 21
2 1 23 2
2 1 23 0
2 1 25 2
2 1 25 3
2 1 25 3
2 1 25 2
2 1 25 9
2 1 26 0
2 1 26 10
2 1 27 0
2 1 27 2
2 1 29 0
2 1 30 3
2 1 30 3
2 1 32 0
2 1 32 2
2 1 32 0
2 1 34 2
2 1 34 1
2 1 35 1
2 1 36 0
2 1 37 0
2 1 38 0
2 1 38 0
2 1 39 3
2 1 39 2
2 1 39 0
2 1 40 3
2 1 41 0
2 1 42 2
2 1 43 1
2 1 46 4
2 1 47 5
2 1 51 12
2 1 54 8
2 1 57 2
2 1 60 1
3 1 1 0
3 1 1 0
3 1 1 0
3 1 1 0
3 1 2 1
3 1 2 2
3 1 2 1
3 1 2 0
3 1 3 0
3 1 3 0
3 1 3 1
3 1 3 0
3 1 3 1
3 1 3 0
3 1 3 1
3 1 4 0
3 1 4 5
3 1 5 0
3 1 5 3
3 3 7 2
3 3 7 3
3 3 7 0
3 3 7 2
3 3 8 2
3 3 8 3
3 3 9 0
3 3 9 0
3 1 9 0
3 3 10 0
3 3 13 3
3 3 13 2
3 3 13 4
3 3 14 0
3 3 14 0
3 3 14 1
3 3 15 5
3 3 15 3
3 3 15 0
3 3 15 11
3 3 16 0
3 3 17 2
3 3 17 0
3 3 18 7
3 3 18 0
3 3 19 9
3 3 21 3
3 3 21 3
3 3 22 10
3 3 23 4
3 3 25 10
3 3 26 6
3 3 26 5
3 3 31 3
3 3 37 3
3 3 37 7
3 3 40 2
