1 1 0 1
1 1 0 2
1 10 0 2
1 26 0 1
1 18 0 1
1 18 0 1
1 6 1 0
1 3 1 3
1 10 1 4
1 6 1 0
1 4 1 2
1 10 1 1
1 6 1 0
1 3 1 0
1 1 1 1
1 18 1 0
1 8 2 2
1 8 2 1
1 8 2 0
1 6 2 0
1 8 3 0
1 10 3 0
1 6 3 0
1 3 4 1
1 6 4 0
1 1 4 2
1 8 4 0
1 5 4 1
1 1 4 4
1 8 4 2
1 10 5 2
1 6 5 0
1 8 5 4
1 6 5 1
1 6 6 4
1 1 6 13
1 8 6 3
1 6 6 0
1 6 6 1
1 6 7 1
1 1 7 4
1 3 8 3
1 1 8 20
1 6 8 4
1 6 9 3
1 8 9 3
1 1 10 5
1 10 11 18
1 6 11 1
1 10 12 24
1 8 12 9
1 8 12 9
1 6 12 5
1 1 13 27
1 1 13 6
1 1 13 16
1 1 13 12
1 10 14 21
1 1 14 25
1 6 14 5
1 8 14 6
1 1 14 12
1 18 14 12
1 6 15 19
1 6 15 3
1 10 16 31
1 1 16 8
1 1 16 31
1 10 17 20
1 10 17 33
1 1 17 39
1 6 17 7
1 6 18 10
1 6 18 0
1 1 19 104
1 1 19 10
1 1 20 53
1 6 20 11
1 1 21 77
1 1 22 6
1 6 22 13
1 6 23 12
1 1 23 14
1 6 23 6
1 6 23 1
1 1 24 18
1 10 26 34
1 1 26 21
1 10 27 42
1 6 27 22
1 1 27 43
1 1 28 79
1 1 28 16
1 1 30 56
1 1 31 50
1 1 34 45
1 1 34 56
1 1 34 25
1 1 36 55
1 1 37 25
1 1 39 33
1 1 40 49
1 1 40 130
1 1 43 78
1 1 44 32
1 1 47 38
1 1 60 100
2 31 0 1
2 6 0 1
2 5 1 0
2 23 1 0
2 31 1 1
2 23 1 0
2 13 2 4
2 5 3 1
2 5 4 1
2 5 5 0
2 3 6 2
2 1 6 2
2 1 7 3
2 3 9 2
2 5 10 1
2 8 10 2
2 5 10 0
2 23 10 0
2 5 11 3
2 5 11 1
2 5 11 2
2 13 11 1
2 23 11 1
2 1 11 3
2 1 12 3
2 5 13 0
2 13 13 0
2 13 13 3
2 5 13 11
2 13 14 5
2 5 15 1
2 5 17 1
2 23 17 0
2 1 17 6
2 13 17 3
2 13 17 3
2 13 17 6
2 5 17 4
2 23 18 1
2 13 19 10
2 5 19 2
2 23 19 1
2 5 19 6
2 23 19 0
2 5 19 1
2 13 20 1
2 1 20 71
2 5 21 0
2 13 21 1
2 5 21 4
2 23 21 3
2 1 23 139
2 5 23 4
2 5 23 1
2 5 23 1
2 13 23 5
2 13 25 17
2 13 25 7
2 5 25 3
2 1 25 43
2 8 25 4
2 5 26 3
2 1 26 26
2 1 27 23
2 13 27 3
2 13 29 7
2 13 30 7
2 13 30 9
2 5 32 1
2 5 32 4
2 13 32 12
2 13 34 4
2 1 34 20
2 5 35 8
2 13 36 4
2 1 37 28
2 5 38 1
2 13 38 3
2 13 39 18
2 1 39 22
2 5 39 5
2 13 40 29
2 5 41 6
2 5 42 8
2 5 43 9
2 5 46 7
2 1 47 28
2 1 51 35
2 1 54 49
2 1 57 25
2 13 60 11
3 9 0 1
3 30 0 1
3 9 0 1
3 29 1 0
3 29 1 0
3 9 1 0
3 29 1 0
3 32 2 2
3 1 2 12
3 1 2 6
3 11 2 0
3 9 3 5
3 7 3 1
3 32 3 2
3 25 3 11
3 25 3 10
3 11 3 1
3 11 3 3
3 25 3 1
3 18 3 3
3 18 3 2
3 1 4 35
3 26 4 3
3 1 5 11
3 1 5 16
3 9 7 10
3 3 7 11
3 9 7 10
3 9 7 6
3 9 8 6
3 1 8 14
3 15 9 2
3 9 9 0
3 9 9 0
3 9 10 3
3 9 13 10
3 1 13 18
3 9 13 16
3 9 14 11
3 9 14 5
3 9 14 3
3 3 15 34
3 9 15 12
3 9 15 19
3 1 15 52
3 9 16 11
3 9 17 20
3 9 17 7
3 1 18 43
3 9 18 26
3 9 19 33
3 9 21 21
3 1 21 30
3 1 22 33
3 1 23 30
3 1 25 35
3 1 26 61
3 1 26 42
3 9 31 13
3 1 37 69
3 9 37 29
3 1 40 48
4 8 0 1
4 14 0 1
4 7 0 1
4 25 0 1
4 7 0 1
4 1 0 2
4 7 0 1
4 25 0 1
4 25 1 2
4 7 1 1
4 7 1 0
4 4 1 0
4 4 1 0
4 4 1 0
4 28 1 0
4 4 2 0
4 28 2 0
4 4 3 4
4 4 4 2
4 7 4 2
4 7 7 13
4 4 7 4
4 4 7 4
4 4 9 11
4 14 9 6
4 28 9 1
4 4 10 0
4 1 11 13
4 4 11 6
4 25 13 9
4 4 13 5
4 4 14 6
4 4 17 14
4 4 18 12
4 4 19 13
4 4 19 7
4 4 19 7
4 4 20 7
4 4 20 16
4 1 23 37
4 4 23 21
4 1 24 57
4 1 24 37
4 4 24 30
4 4 24 23
4 4 25 22
4 1 26 40
4 4 27 43
4 4 27 18
4 4 29 23
4 1 30 93
4 4 30 24
4 4 31 38
4 1 34 60
4 1 34 61
4 1 35 88
5 9 0 1
5 3 0 1
5 6 0 2
5 1 0 1
5 19 1 7
5 1 1 4
5 24 1 1
5 19 2 27
5 21 2 3
5 1 2 1
5 1 2 4
5 1 2 11
5 1 2 1
5 24 2 1
5 24 2 0
5 1 3 6
5 1 3 17
5 24 3 0
5 1 3 4
5 1 3 2
5 1 3 6
5 24 3 0
5 1 5 9
5 3 5 4
5 1 6 18
5 24 6 1
5 1 7 9
5 1 7 70
5 1 7 8
5 1 8 21
5 1 8 26
5 1 8 8
5 1 9 9
5 24 9 5
5 1 10 33
5 1 11 40
5 1 11 27
5 1 11 16
5 1 12 9
5 1 12 5
5 1 13 24
5 1 14 30
5 24 14 5
5 1 16 14
5 24 17 6
5 1 18 14
5 1 19 11
5 1 23 85
5 1 24 81
5 1 26 27
5 1 28 32
5 1 29 49
5 1 30 40
5 1 38 38
6 3 0 1
6 2 1 0
6 26 1 1
6 2 1 0
6 2 1 0
6 2 3 1
6 2 4 1
6 2 4 0
6 2 5 1
6 2 5 3
6 2 5 1
6 2 5 1
6 2 6 2
6 1 7 18
6 2 7 0
6 2 9 0
6 2 11 4
6 2 11 3
6 2 12 2
6 2 16 4
6 2 16 5
6 2 18 16
6 2 19 6
6 2 19 4
6 2 19 9
6 2 21 20
6 2 22 12
6 1 22 18
6 2 23 9
6 2 23 15
6 2 24 20
6 1 25 46
6 1 25 21
6 2 25 8
6 2 26 14
6 2 26 11
6 2 27 22
6 2 28 23
6 2 30 39
6 2 32 12
6 2 33 21
6 2 33 27
6 2 33 23
6 2 34 12
6 2 34 16
6 1 37 45
6 2 38 14
6 1 39 42
6 1 39 98
7 30 0 1
7 6 0 4
7 11 1 0
7 18 1 2
7 11 1 0
7 11 1 1
7 1 1 3
7 18 1 0
7 18 2 0
7 18 3 5
7 11 3 0
7 11 3 2
7 11 3 0
7 11 4 0
7 1 4 5
7 6 6 13
7 18 6 5
7 1 7 16
7 11 7 4
7 11 9 10
7 18 9 8
7 11 10 13
7 1 10 18
7 11 10 3
7 18 11 11
7 1 11 10
7 11 11 4
7 11 12 12
7 11 13 13
7 11 13 5
7 1 14 22
7 11 14 11
7 11 15 20
7 11 15 8
7 11 15 12
7 11 16 13
7 11 16 7
7 18 17 26
7 1 18 34
7 11 18 7
7 1 18 43
7 1 19 35
7 11 19 8
7 1 19 36
7 2 24 54
7 18 24 39
7 1 31 42
7 1 33 48
7 1 36 25
8 1 1 1
8 15 1 0
8 15 1 0
8 1 2 1
8 15 3 0
8 15 3 0
8 1 4 28
8 3 5 6
8 20 5 14
8 3 6 13
8 15 7 6
8 15 9 3
8 1 10 33
8 1 12 34
8 15 13 5
8 1 14 64
8 15 15 20
8 15 15 3
8 15 16 11
8 15 16 13
8 15 17 11
8 15 18 5
8 1 19 24
8 15 20 29
8 15 20 9
8 1 21 28
8 15 22 10
8 1 24 28
8 15 24 16
8 15 24 2
8 15 24 2
8 1 25 35
8 1 27 36
8 15 27 26
8 1 28 36
8 15 29 27
8 1 29 57
8 1 30 108
8 1 30 101
9 3 0 4
9 1 0 7
9 12 1 0
9 16 1 1
9 12 2 0
9 12 3 1
9 12 3 1
9 12 4 1
9 12 5 1
9 12 7 0
9 12 12 1
9 12 15 8
9 12 15 2
9 12 17 4
9 12 18 9
9 12 19 1
9 12 20 10
9 12 20 5
9 1 21 26
9 12 21 25
9 12 21 5
9 1 22 49
9 12 22 17
9 12 22 25
9 12 22 3
9 12 22 6
9 12 22 9
9 12 24 3
9 12 24 9
9 1 25 26
9 12 25 15
9 12 25 15
9 12 26 8
9 1 27 55
10 7 0 1
10 31 0 1
10 22 1 2
10 21 1 0
10 21 1 0
10 3 1 1
10 21 1 0
10 22 1 1
10 22 2 8
10 21 3 2
10 22 3 1
10 21 4 10
10 22 4 0
10 21 4 0
10 21 5 2
10 22 5 0
10 22 7 3
10 22 8 13
10 22 8 5
10 22 8 12
10 21 9 21
10 22 9 5
10 1 10 37
10 1 10 18
10 1 10 28
10 1 11 30
10 21 12 30
10 1 13 36
10 1 13 19
10 1 14 56
10 1 15 117
11 17 1 0
11 17 2 2
11 17 3 1
11 17 3 0
11 17 4 0
11 17 4 1
11 17 5 1
11 17 9 7
11 1 14 30
11 17 14 21
11 17 14 9
11 17 15 18
11 17 15 19
11 17 15 9
11 1 16 30
11 17 17 12
11 17 17 10
11 17 18 16
11 17 19 27
11 17 21 9
11 17 21 37
11 1 22 34
11 1 22 45
11 1 22 36
11 17 22 14
11 17 24 15
11 1 24 78
11 1 25 53
11 1 26 36
12 14 1 0
12 14 3 0
12 14 3 0
12 1 4 28
12 7 4 10
12 14 4 0
12 14 4 2
12 14 5 6
12 14 9 2
12 14 11 4
12 14 12 2
12 14 12 0
12 14 13 3
12 14 14 13
12 14 15 9
12 14 15 6
12 14 16 6
12 1 17 47
12 1 18 33
12 14 18 12
12 14 18 25
12 1 19 65
12 14 20 17
12 14 20 21
12 14 21 12
12 14 21 30
12 1 23 61
12 14 24 26
12 14 25 23
13 1 0 10
13 3 0 3
13 1 0 1
13 18 0 3
13 30 0 1
13 18 0 1
13 6 0 1
13 19 0 1
13 1 1 35
13 1 1 5
13 7 1 7
13 1 1 18
13 18 1 1
13 1 1 1
13 10 1 1
13 1 2 37
13 1 2 42
13 3 2 11
13 9 2 6
13 1 3 16
13 1 3 25
13 1 3 4
13 1 3 14
13 1 4 59
13 6 5 9
13 1 5 27
13 3 5 4
13 8 6 13
14 1 0 5
14 1 1 48
14 1 1 8
14 1 1 4
14 1 1 23
14 1 1 8
14 1 1 12
14 1 1 2
14 1 1 7
14 18 1 4
14 7 1 1
14 8 1 0
14 1 1 0
14 3 1 5
14 1 2 19
14 1 2 19
14 9 2 4
14 8 2 0
14 1 3 13
14 1 3 19
14 1 3 13
14 1 3 4
14 1 3 25
14 1 3 7
14 1 4 73
14 1 5 28
14 1 6 12
15 1 1 4
15 1 1 1
15 20 2 1
15 9 3 7
15 20 3 0
15 20 4 1
15 20 7 4
15 20 10 11
15 20 12 9
15 20 13 22
15 20 13 13
15 20 14 14
15 20 16 21
15 20 16 23
15 20 17 20
15 20 17 19
15 1 17 41
15 20 18 22
15 1 19 62
15 1 19 96
15 1 19 74
15 1 19 62
15 1 20 42
15 20 20 3
15 1 21 93
15 1 23 103
16 21 0 16
16 27 0 2
16 8 0 4
16 27 0 2
16 20 0 12
16 27 0 2
16 7 1 7
16 7 1 0
16 1 2 60
16 19 2 16
16 7 2 2
16 7 2 1
16 7 3 6
16 4 8 26
16 7 9 15
16 7 10 25
16 1 11 41
16 7 11 37
16 7 12 38
16 7 12 33
16 7 12 30
16 7 12 16
16 1 13 29
16 1 13 74
16 1 17 134
17 7 0 2
17 16 1 0
17 16 3 0
17 16 4 3
17 16 4 1
17 16 7 1
17 16 10 1
17 16 10 9
17 16 11 3
17 16 13 5
17 16 13 6
17 16 14 14
17 16 14 1
17 16 16 8
17 16 16 12
17 1 16 70
17 16 18 6
17 16 18 25
17 16 18 17
17 16 19 9
17 16 19 3
17 16 21 19
17 1 21 61
17 16 23 19
18 3 2 12
18 1 2 40
18 3 3 2
18 3 5 1
18 3 5 0
18 3 9 35
18 1 9 28
18 1 9 83
18 1 11 199
18 1 12 327
18 3 13 17
18 1 14 121
18 1 14 156
18 1 14 118
18 1 15 198
18 1 15 98
18 1 16 198
18 1 16 86
18 1 18 205
18 1 20 206
18 1 20 117
18 1 20 116
19 19 1 1
19 19 2 1
19 19 3 3
19 19 6 4
19 19 6 2
19 19 7 4
19 19 8 11
19 1 8 40
19 19 8 4
19 1 9 40
19 19 10 18
19 1 10 34
19 19 11 8
19 19 12 23
19 1 15 43
19 1 15 79
19 19 17 25
19 1 17 45
19 19 17 24
20 11 0 1
20 10 4 3
20 10 4 2
20 10 6 2
20 10 6 1
20 10 10 19
20 10 11 20
20 1 13 55
20 10 13 21
20 10 13 23
20 10 13 14
20 10 13 14
20 1 14 75
20 10 14 29
20 10 14 28
20 10 14 13
20 1 16 127
20 1 17 111
21 1 2 7
21 3 3 9
21 3 5 31
21 3 6 1
21 3 7 10
21 1 7 45
21 1 9 57
21 3 9 12
21 1 10 50
21 3 11 5
21 3 11 26
21 3 12 5
21 3 12 12
21 3 12 9
21 3 13 114
22 3 1 3
22 7 1 0
22 1 3 0
22 7 4 2
22 7 5 6
22 1 7 16
22 7 7 1
22 1 9 107
22 7 9 21
22 1 10 60
22 1 10 108
22 1 10 90
22 7 11 21
23 1 1 7
23 8 2 0
23 8 2 0
23 25 3 19
23 1 3 22
23 8 3 1
23 1 5 127
23 1 5 75
23 1 6 23
23 8 7 15
23 1 7 24
23 1 10 64
23 1 11 110
24 8 0 2
24 1 0 3
24 1 4 52
24 1 4 3
24 1 6 47
24 1 6 147
24 1 7 59
24 1 7 70
24 1 8 35
24 1 8 48
24 1 9 42
24 1 10 85
24 1 11 58
25 1 1 44
25 8 1 2
25 1 4 4
25 1 4 14
25 8 4 4
25 1 6 17
25 1 6 22
25 8 6 11
25 1 8 23
25 1 9 15
25 1 9 41
25 1 10 33
26 21 0 1
26 26 1 1
26 1 3 70
26 1 3 46
26 1 5 28
26 1 6 63
26 1 6 108
26 1 6 124
26 1 7 129
26 1 8 133
26 1 9 172
27 1 0 5
27 1 0 50
27 1 0 11
27 1 0 9
27 1 1 51
27 1 1 12
27 1 1 0
27 1 1 5
27 1 1 2
27 1 2 7
28 22 0 1
28 33 1 0
28 8 4 0
28 8 6 6
28 8 6 2
28 1 7 37
28 8 7 2
28 8 8 16
28 1 8 94
28 8 8 8
29 10 0 2
29 1 2 15
29 1 5 80
29 3 5 6
29 1 5 11
29 1 6 170
29 3 6 24
29 1 7 122
29 1 7 128
30 28 0 1
30 4 2 9
30 28 2 2
30 4 3 8
30 4 4 90
30 1 6 64
30 4 6 21
30 4 7 54
30 1 7 65
31 7 1 5
31 27 1 0
31 7 2 0
31 27 2 0
31 1 4 53
31 1 5 57
31 1 5 61
31 1 6 95
32 1 0 40
32 1 0 13
32 1 0 55
32 3 0 2
32 19 0 1
32 20 0 1
32 9 1 5
32 1 1 18
33 1 6 159
33 1 6 108
33 1 6 160
33 1 6 30
33 26 6 5
33 1 6 10
