1 1 0 1
1 1 0 2
1 11 0 2
1 27 0 1
1 11 0 1
1 11 0 1
1 8 1 0
1 21 1 3
1 10 1 4
1 8 1 0
1 23 1 2
1 11 1 1
1 8 1 0
1 8 1 0
1 10 1 1
1 11 1 0
1 12 2 2
1 12 2 1
1 12 2 0
1 11 2 0
1 12 3 0
1 11 3 0
1 3 3 0
1 12 4 1
1 3 4 0
1 3 4 2
1 12 4 0
1 12 4 1
1 3 4 4
1 10 4 2
1 10 5 2
1 3 5 0
1 12 5 4
1 3 5 1
1 3 6 4
1 3 6 13
1 12 6 3
1 3 6 0
1 3 6 1
1 3 7 1
1 3 7 4
1 3 8 3
1 9 8 20
1 3 8 4
1 3 9 3
1 12 9 3
1 3 10 5
1 10 11 18
1 3 11 1
1 10 12 24
1 12 12 9
1 12 12 9
1 3 12 5
1 6 13 27
1 3 13 6
1 3 13 16
1 10 13 12
1 10 14 21
1 10 14 25
1 3 14 5
1 12 14 6
1 3 14 12
1 10 14 12
1 3 15 19
1 3 15 3
1 10 16 31
1 3 16 8
1 17 16 31
1 10 17 20
1 10 17 33
1 10 17 39
1 3 17 7
1 3 18 10
1 3 18 0
1 1 19 104
1 3 19 10
1 3 20 53
1 3 20 11
1 1 21 77
1 3 22 6
1 3 22 13
1 3 23 12
1 3 23 14
1 3 23 6
1 3 23 1
1 3 24 18
1 10 26 34
1 3 26 21
1 10 27 42
1 3 27 22
1 3 27 43
1 3 28 79
1 3 28 16
1 3 30 56
1 12 31 50
1 3 34 45
1 3 34 56
1 3 34 25
1 3 36 55
1 3 37 25
1 3 39 33
1 3 40 49
1 33 40 130
1 3 43 78
1 3 44 32
1 3 47 38
1 3 60 100
2 23 0 1
2 8 0 1
2 8 1 0
2 8 1 0
2 23 1 1
2 8 1 0
2 20 2 4
2 23 3 1
2 8 4 1
2 4 5 0
2 4 6 2
2 4 6 2
2 4 7 3
2 4 9 2
2 4 10 1
2 20 10 2
2 8 10 0
2 8 10 0
2 4 11 3
2 4 11 1
2 4 11 2
2 20 11 1
2 20 11 1
2 4 11 3
2 4 12 3
2 4 13 0
2 20 13 0
2 4 13 3
2 4 13 11
2 20 14 5
2 4 15 1
2 4 17 1
2 20 17 0
2 4 17 6
2 20 17 3
2 4 17 3
2 8 17 6
2 4 17 4
2 20 18 1
2 20 19 10
2 4 19 2
2 20 19 1
2 4 19 6
2 20 19 0
2 4 19 1
2 4 20 1
2 1 20 71
2 4 21 0
2 20 21 1
2 4 21 4
2 20 21 3
2 26 23 139
2 4 23 4
2 4 23 1
2 4 23 1
2 20 23 5
2 20 25 17
2 20 25 7
2 4 25 3
2 4 25 43
2 4 25 4
2 4 26 3
2 4 26 26
2 4 27 23
2 4 27 3
2 4 29 7
2 20 30 7
2 20 30 9
2 4 32 1
2 4 32 4
2 20 32 12
2 20 34 4
2 4 34 20
2 4 35 8
2 4 36 4
2 4 37 28
2 4 38 1
2 4 38 3
2 20 39 18
2 4 39 22
2 4 39 5
2 20 40 29
2 4 41 6
2 4 42 8
2 4 43 9
2 4 46 7
2 4 47 28
2 4 51 35
2 4 54 49
2 4 57 25
2 4 60 11
3 11 0 1
3 6 0 1
3 11 0 1
3 22 1 0
3 22 1 0
3 11 1 0
3 22 1 0
3 22 2 2
3 7 2 12
3 5 2 6
3 22 2 0
3 5 3 5
3 22 3 1
3 22 3 2
3 27 3 11
3 27 3 10
3 22 3 1
3 7 3 3
3 27 3 1
3 7 3 3
3 22 3 2
3 6 4 35
3 22 4 3
3 5 5 11
3 5 5 16
3 5 7 10
3 5 7 11
3 5 7 10
3 5 7 6
3 5 8 6
3 5 8 14
3 22 9 2
3 5 9 0
3 5 9 0
3 5 10 3
3 5 13 10
3 5 13 18
3 5 13 16
3 5 14 11
3 5 14 5
3 5 14 3
3 5 15 34
3 5 15 12
3 5 15 19
3 5 15 52
3 5 16 11
3 5 17 20
3 5 17 7
3 5 18 43
3 5 18 26
3 5 19 33
3 5 21 21
3 5 21 30
3 5 22 33
3 5 23 30
3 5 25 35
3 5 26 61
3 5 26 42
3 5 31 13
3 5 37 69
3 5 37 29
3 5 40 48
4 22 0 1
4 22 0 1
4 24 0 1
4 27 0 1
4 8 0 1
4 26 0 2
4 24 0 1
4 11 0 1
4 28 1 2
4 24 1 1
4 8 1 0
4 8 1 0
4 8 1 0
4 8 1 0
4 8 1 0
4 22 2 0
4 8 2 0
4 11 3 4
4 2 4 2
4 27 4 2
4 2 7 13
4 2 7 4
4 2 7 4
4 2 9 11
4 14 9 6
4 2 9 1
4 2 10 0
4 2 11 13
4 2 11 6
4 2 13 9
4 2 13 5
4 2 14 6
4 2 17 14
4 2 18 12
4 2 19 13
4 2 19 7
4 2 19 7
4 2 20 7
4 2 20 16
4 2 23 37
4 2 23 21
4 2 24 57
4 2 24 37
4 2 24 30
4 2 24 23
4 2 25 22
4 2 26 40
4 2 27 43
4 2 27 18
4 2 29 23
4 2 30 93
4 2 30 24
4 2 31 38
4 2 34 60
4 2 34 61
4 2 35 88
5 22 0 1
5 8 0 1
5 3 0 2
5 1 0 1
5 18 1 7
5 23 1 4
5 11 1 1
5 18 2 27
5 15 2 3
5 5 2 1
5 19 2 4
5 15 2 11
5 1 2 1
5 15 2 1
5 11 2 0
5 18 3 6
5 5 3 17
5 11 3 0
5 13 3 4
5 1 3 2
5 1 3 6
5 11 3 0
5 1 5 9
5 23 5 4
5 1 6 18
5 23 6 1
5 1 7 9
5 18 7 70
5 1 7 8
5 5 8 21
5 1 8 26
5 1 8 8
5 1 9 9
5 1 9 5
5 1 10 33
5 1 11 40
5 1 11 27
5 1 11 16
5 1 12 9
5 1 12 5
5 1 13 24
5 1 14 30
5 1 14 5
5 1 16 14
5 1 17 6
5 1 18 14
5 1 19 11
5 1 23 85
5 1 24 81
5 1 26 27
5 1 28 32
5 1 29 49
5 1 30 40
5 1 38 38
6 8 0 1
6 8 1 0
6 27 1 1
6 8 1 0
6 8 1 0
6 6 3 1
6 6 4 1
6 6 4 0
6 6 5 1
6 6 5 3
6 6 5 1
6 6 5 1
6 6 6 2
6 6 7 18
6 6 7 0
6 6 9 0
6 6 11 4
6 6 11 3
6 6 12 2
6 6 16 4
6 6 16 5
6 6 18 16
6 6 19 6
6 6 19 4
6 6 19 9
6 6 21 20
6 6 22 12
6 6 22 18
6 6 23 9
6 6 23 15
6 6 24 20
6 6 25 46
6 6 25 21
6 6 25 8
6 6 26 14
6 6 26 11
6 6 27 22
6 6 28 23
6 6 30 39
6 6 32 12
6 6 33 21
6 6 33 27
6 6 33 23
6 6 34 12
6 6 34 16
6 6 37 45
6 6 38 14
6 6 39 42
6 6 39 98
7 6 0 1
7 32 0 4
7 11 1 0
7 7 1 2
7 11 1 0
7 11 1 1
7 25 1 3
7 7 1 0
7 7 2 0
7 7 3 5
7 7 3 0
7 7 3 2
7 7 3 0
7 7 4 0
7 7 4 5
7 3 6 13
7 7 6 5
7 7 7 16
7 7 7 4
7 7 9 10
7 7 9 8
7 7 10 13
7 7 10 18
7 7 10 3
7 7 11 11
7 7 11 10
7 7 11 4
7 7 12 12
7 7 13 13
7 7 13 5
7 7 14 22
7 7 14 11
7 7 15 20
7 7 15 8
7 7 15 12
7 7 16 13
7 7 16 7
7 7 17 26
7 7 18 34
7 7 18 7
7 7 18 43
7 7 19 35
7 7 19 8
7 7 19 36
7 6 24 54
7 7 24 39
7 7 31 42
7 7 33 48
7 7 36 25
8 8 1 1
8 11 1 0
8 11 1 0
8 9 2 1
8 16 3 0
8 16 3 0
8 9 4 28
8 17 5 6
8 17 5 14
8 17 6 13
8 16 7 6
8 16 9 3
8 9 10 33
8 9 12 34
8 16 13 5
8 9 14 64
8 16 15 20
8 16 15 3
8 16 16 11
8 16 16 13
8 16 17 11
8 16 18 5
8 16 19 24
8 16 20 29
8 16 20 9
8 16 21 28
8 16 22 10
8 16 24 28
8 16 24 16
8 16 24 2
8 16 24 2
8 16 25 35
8 16 27 36
8 16 27 26
8 16 28 36
8 16 29 27
8 16 29 57
8 16 30 108
8 16 30 101
9 28 0 4
9 2 0 7
9 11 1 0
9 19 1 1
9 13 2 0
9 13 3 1
9 13 3 1
9 13 4 1
9 13 5 1
9 13 7 0
9 13 12 1
9 13 15 8
9 13 15 2
9 13 17 4
9 13 18 9
9 13 19 1
9 13 20 10
9 13 20 5
9 13 21 26
9 13 21 25
9 13 21 5
9 13 22 49
9 13 22 17
9 13 22 25
9 13 22 3
9 13 22 6
9 13 22 9
9 13 24 3
9 13 24 9
9 13 25 26
9 13 25 15
9 13 25 15
9 13 26 8
9 13 27 55
10 8 0 1
10 23 0 1
10 15 1 2
10 15 1 0
10 15 1 0
10 8 1 1
10 15 1 0
10 23 1 1
10 12 2 8
10 15 3 2
10 15 3 1
10 15 4 10
10 23 4 0
10 15 4 0
10 15 5 2
10 23 5 0
10 23 7 3
10 15 8 13
10 23 8 5
10 23 8 12
10 15 9 21
10 23 9 5
10 15 10 37
10 15 10 18
10 15 10 28
10 15 11 30
10 15 12 30
10 15 13 36
10 15 13 19
10 15 14 56
10 15 15 117
11 11 1 0
11 9 2 2
11 9 3 1
11 9 3 0
11 9 4 0
11 9 4 1
11 9 5 1
11 9 9 7
11 9 14 30
11 9 14 21
11 9 14 9
11 9 15 18
11 9 15 19
11 9 15 9
11 9 16 30
11 9 17 12
11 9 17 10
11 9 18 16
11 9 19 27
11 9 21 9
11 9 21 37
11 9 22 34
11 9 22 45
11 9 22 36
11 9 22 14
11 9 24 15
11 9 24 78
11 9 25 53
11 9 26 36
12 11 1 0
12 14 3 0
12 14 3 0
12 14 4 28
12 14 4 10
12 14 4 0
12 14 4 2
12 14 5 6
12 14 9 2
12 14 11 4
12 14 12 2
12 14 12 0
12 14 13 3
12 14 14 13
12 14 15 9
12 14 15 6
12 14 16 6
12 14 17 47
12 14 18 33
12 14 18 12
12 14 18 25
12 14 19 65
12 14 20 17
12 14 20 21
12 14 21 12
12 14 21 30
12 14 23 61
12 14 24 26
12 14 25 23
13 15 0 10
13 8 0 3
13 8 0 1
13 7 0 3
13 6 0 1
13 11 0 1
13 11 0 1
13 11 0 1
13 17 1 35
13 5 1 5
13 11 1 7
13 1 1 18
13 11 1 1
13 8 1 1
13 11 1 1
13 1 2 37
13 5 2 42
13 11 2 11
13 5 2 6
13 19 3 16
13 15 3 25
13 1 3 4
13 2 3 14
13 1 4 59
13 11 5 9
13 1 5 27
13 11 5 4
13 17 6 13
14 7 0 5
14 1 1 48
14 25 1 8
14 21 1 4
14 1 1 23
14 1 1 8
14 7 1 12
14 26 1 2
14 25 1 7
14 11 1 4
14 11 1 1
14 8 1 0
14 25 1 0
14 5 1 5
14 15 2 19
14 13 2 19
14 25 2 4
14 8 2 0
14 1 3 13
14 5 3 19
14 25 3 13
14 25 3 4
14 5 3 25
14 10 3 7
14 5 4 73
14 1 5 28
14 25 6 12
15 9 1 4
15 17 1 1
15 22 2 1
15 5 3 7
15 17 3 0
15 17 4 1
15 17 7 4
15 17 10 11
15 17 12 9
15 17 13 22
15 17 13 13
15 17 14 14
15 17 16 21
15 17 16 23
15 17 17 20
15 17 17 19
15 17 17 41
15 17 18 22
15 17 19 62
15 17 19 96
15 17 19 74
15 9 19 62
15 17 20 42
15 17 20 3
15 17 21 93
15 17 23 103
16 15 0 16
16 8 0 2
16 12 0 4
16 8 0 2
16 17 0 12
16 9 0 2
16 24 1 7
16 8 1 0
16 16 2 60
16 18 2 16
16 24 2 2
16 15 2 1
16 2 3 6
16 2 8 26
16 2 9 15
16 2 10 25
16 2 11 41
16 2 11 37
16 2 12 38
16 2 12 33
16 2 12 30
16 2 12 16
16 2 13 29
16 2 13 74
16 24 17 134
17 24 0 2
17 19 1 0
17 19 3 0
17 19 4 3
17 19 4 1
17 19 7 1
17 19 10 1
17 19 10 9
17 19 11 3
17 19 13 5
17 19 13 6
17 19 14 14
17 19 14 1
17 19 16 8
17 19 16 12
17 19 16 70
17 19 18 6
17 19 18 25
17 19 18 17
17 19 19 9
17 19 19 3
17 19 21 19
17 19 21 61
17 19 23 19
18 21 2 12
18 14 2 40
18 8 3 2
18 21 5 1
18 8 5 0
18 31 9 35
18 2 9 28
18 1 9 83
18 29 11 199
18 30 12 327
18 21 13 17
18 26 14 121
18 26 14 156
18 26 14 118
18 29 15 198
18 29 15 98
18 29 16 198
18 26 16 86
18 30 18 205
18 30 20 206
18 21 20 117
18 6 20 116
19 22 1 1
19 18 2 1
19 18 3 3
19 18 6 4
19 18 6 2
19 18 7 4
19 18 8 11
19 18 8 40
19 18 8 4
19 18 9 40
19 18 10 18
19 18 10 34
19 18 11 8
19 18 12 23
19 18 15 43
19 18 15 79
19 18 17 25
19 18 17 45
19 18 17 24
20 7 0 1
20 10 4 3
20 10 4 2
20 10 6 2
20 10 6 1
20 10 10 19
20 10 11 20
20 10 13 55
20 10 13 21
20 10 13 23
20 10 13 14
20 10 13 14
20 10 14 75
20 10 14 29
20 10 14 28
20 10 14 13
20 10 16 127
20 10 17 111
21 17 2 7
21 21 3 9
21 21 5 31
21 21 6 1
21 21 7 10
21 21 7 45
21 21 9 57
21 21 9 12
21 21 10 50
21 21 11 5
21 21 11 26
21 21 12 5
21 21 12 12
21 21 12 9
21 21 13 114
22 23 1 3
22 24 1 0
22 24 3 0
22 24 4 2
22 24 5 6
22 24 7 16
22 24 7 1
22 16 9 107
22 24 9 21
22 2 10 60
22 2 10 108
22 24 10 90
22 24 11 21
23 1 1 7
23 28 2 0
23 28 2 0
23 19 3 19
23 14 3 22
23 28 3 1
23 1 5 127
23 15 5 75
23 1 6 23
23 28 7 15
23 18 7 24
23 19 10 64
23 28 11 110
24 12 0 2
24 18 0 3
24 1 4 52
24 1 4 3
24 1 6 47
24 30 6 147
24 1 7 59
24 1 7 70
24 1 8 35
24 1 8 48
24 1 9 42
24 1 10 85
24 1 11 58
25 7 1 44
25 12 1 2
25 12 4 4
25 10 4 14
25 12 4 4
25 12 6 17
25 10 6 22
25 12 6 11
25 10 8 23
25 12 9 15
25 12 9 41
25 12 10 33
26 15 0 1
26 27 1 1
26 1 3 70
26 1 3 46
26 1 5 28
26 1 6 63
26 1 6 108
26 26 6 124
26 1 7 129
26 1 8 133
26 32 9 172
27 18 0 5
27 1 0 50
27 18 0 11
27 18 0 9
27 1 1 51
27 26 1 12
27 22 1 0
27 29 1 5
27 29 1 2
27 26 2 7
28 23 0 1
28 12 1 0
28 12 4 0
28 12 6 6
28 12 6 2
28 12 7 37
28 12 7 2
28 12 8 16
28 12 8 94
28 12 8 8
29 32 0 2
29 25 2 15
29 9 5 80
29 25 5 6
29 25 5 11
29 33 6 170
29 25 6 24
29 25 7 122
29 25 7 128
30 8 0 1
30 2 2 9
30 2 2 2
30 2 3 8
30 23 4 90
30 2 6 64
30 2 6 21
30 2 7 54
30 2 7 65
31 24 1 5
31 8 1 0
31 8 2 0
31 8 2 0
31 2 4 53
31 2 5 57
31 2 5 61
31 2 6 95
32 1 0 40
32 1 0 13
32 5 0 55
32 8 0 2
32 11 0 1
32 11 0 1
32 22 1 5
32 5 1 18
33 27 6 159
33 2 6 108
33 31 6 160
33 1 6 30
33 31 6 5
33 13 6 10
