1 1 0 1
1 1 0 2
1 1 0 2
1 1 0 1
1 1 0 1
1 1 0 1
1 1 1 0
1 1 1 3
1 1 1 4
1 1 1 0
1 1 1 2
1 1 1 1
1 1 1 0
1 1 1 0
1 1 1 1
1 1 1 0
1 1 2 2
1 1 2 1
1 1 2 0
1 1 2 0
1 1 3 0
1 1 3 0
1 1 3 0
1 1 4 1
1 1 4 0
1 1 4 2
1 1 4 0
1 1 4 1
1 1 4 4
1 1 4 2
1 1 5 2
1 1 5 0
1 1 5 4
1 1 5 1
1 1 6 4
1 1 6 13
1 1 6 3
1 1 6 0
1 1 6 1
1 1 7 1
1 1 7 4
1 1 8 3
1 1 8 20
1 1 8 4
1 1 9 3
1 1 9 3
1 1 10 5
1 12 11 18
1 4 11 1
1 12 12 24
1 1 12 9
1 1 12 9
1 4 12 5
1 9 13 27
1 1 13 6
1 1 13 16
1 1 13 12
1 12 14 21
1 9 14 25
1 4 14 5
1 1 14 6
1 1 14 12
1 9 14 12
1 4 15 19
1 4 15 3
1 12 16 31
1 1 16 8
1 1 16 31
1 12 17 20
1 12 17 33
1 12 17 39
1 4 17 7
1 4 18 10
1 4 18 0
1 9 19 104
1 4 19 10
1 4 20 53
1 4 20 11
1 9 21 77
1 4 22 6
1 4 22 13
1 4 23 12
1 4 23 14
1 4 23 6
1 4 23 1
1 4 24 18
1 12 26 34
1 4 26 21
1 12 27 42
1 4 27 22
1 4 27 43
1 4 28 79
1 4 28 16
1 4 30 56
1 9 31 50
1 9 34 45
1 9 34 56
1 4 34 25
1 4 36 55
1 4 37 25
1 4 39 33
1 4 40 49
1 4 40 130
1 9 43 78
1 4 44 32
1 4 47 38
1 4 60 100
2 1 0 1
2 1 0 1
2 1 1 0
2 1 1 0
2 1 1 1
2 1 1 0
2 1 2 4
2 1 3 1
2 1 4 1
2 1 5 0
2 1 6 2
2 1 6 2
2 1 7 3
2 1 9 2
2 1 10 1
2 1 10 2
2 1 10 0
2 1 10 0
2 3 11 3
2 3 11 1
2 3 11 2
2 1 11 1
2 1 11 1
2 1 11 3
2 1 12 3
2 3 13 0
2 1 13 0
2 1 13 3
2 3 13 11
2 1 14 5
2 3 15 1
2 3 17 1
2 13 17 0
2 1 17 6
2 1 17 3
2 13 17 3
2 13 17 6
2 3 17 4
2 13 18 1
2 13 19 10
2 3 19 2
2 13 19 1
2 3 19 6
2 13 19 0
2 3 19 1
2 22 20 1
2 22 20 71
2 3 21 0
2 13 21 1
2 3 21 4
2 13 21 3
2 22 23 139
2 3 23 4
2 3 23 1
2 3 23 1
2 13 23 5
2 13 25 17
2 3 25 7
2 3 25 3
2 22 25 43
2 3 25 4
2 3 26 3
2 22 26 26
2 3 27 23
2 13 27 3
2 22 29 7
2 13 30 7
2 13 30 9
2 3 32 1
2 3 32 4
2 13 32 12
2 13 34 4
2 13 34 20
2 3 35 8
2 13 36 4
2 22 37 28
2 3 38 1
2 13 38 3
2 13 39 18
2 3 39 22
2 3 39 5
2 13 40 29
2 3 41 6
2 3 42 8
2 3 43 9
2 3 46 7
2 22 47 28
2 3 51 35
2 22 54 49
2 22 57 25
2 22 60 11
3 1 0 1
3 1 0 1
3 1 0 1
3 1 1 0
3 1 1 0
3 1 1 0
3 1 1 0
3 1 2 2
3 1 2 12
3 1 2 6
3 1 2 0
3 1 3 5
3 1 3 1
3 1 3 2
3 1 3 11
3 1 3 10
3 1 3 1
3 1 3 3
3 1 3 1
3 1 3 3
3 1 3 2
3 1 4 35
3 1 4 3
3 1 5 11
3 1 5 16
3 1 7 10
3 1 7 11
3 1 7 10
3 1 7 6
3 1 8 6
3 5 8 14
3 1 9 2
3 1 9 0
3 1 9 0
3 5 10 3
3 5 13 10
3 5 13 18
3 5 13 16
3 5 14 11
3 5 14 5
3 5 14 3
3 5 15 34
3 5 15 12
3 5 15 19
3 5 15 52
3 5 16 11
3 5 17 20
3 5 17 7
3 5 18 43
3 5 18 26
3 5 19 33
3 5 21 21
3 5 21 30
3 5 22 33
3 5 23 30
3 5 25 35
3 5 26 61
3 5 26 42
3 5 31 13
3 5 37 69
3 5 37 29
3 5 40 48
4 1 0 1
4 1 0 1
4 1 0 1
4 1 0 1
4 1 0 1
4 1 0 2
4 1 0 1
4 1 0 1
4 1 1 2
4 1 1 1
4 1 1 0
4 1 1 0
4 1 1 0
4 1 1 0
4 1 1 0
4 1 2 0
4 1 2 0
4 1 3 4
4 1 4 2
4 1 4 2
4 1 7 13
4 1 7 4
4 1 7 4
4 1 9 11
4 1 9 6
4 8 9 1
4 1 10 0
4 1 11 13
4 1 11 6
4 8 13 9
4 8 13 5
4 8 14 6
4 8 17 14
4 8 18 12
4 23 19 13
4 8 19 7
4 8 19 7
4 8 20 7
4 8 20 16
4 14 23 37
4 23 23 21
4 23 24 57
4 14 24 37
4 23 24 30
4 8 24 23
4 23 25 22
4 14 26 40
4 8 27 43
4 8 27 18
4 8 29 23
4 8 30 93
4 8 30 24
4 8 31 38
4 8 34 60
4 23 34 61
4 23 35 88
5 1 0 1
5 1 0 1
5 1 0 2
5 1 0 1
5 15 1 7
5 1 1 4
5 1 1 1
5 15 2 27
5 1 2 3
5 1 2 1
5 1 2 4
5 1 2 11
5 1 2 1
5 1 2 1
5 1 2 0
5 1 3 6
5 1 3 17
5 1 3 0
5 1 3 4
5 1 3 2
5 1 3 6
5 1 3 0
5 1 5 9
5 1 5 4
5 7 6 18
5 1 6 1
5 1 7 9
5 15 7 70
5 7 7 8
5 1 8 21
5 7 8 26
5 7 8 8
5 7 9 9
5 1 9 5
5 7 10 33
5 7 11 40
5 7 11 27
5 7 11 16
5 7 12 9
5 7 12 5
5 7 13 24
5 7 14 30
5 7 14 5
5 7 16 14
5 7 17 6
5 7 18 14
5 7 19 11
5 7 23 85
5 7 24 81
5 7 26 27
5 7 28 32
5 7 29 49
5 7 30 40
5 7 38 38
6 1 0 1
6 1 1 0
6 1 1 1
6 1 1 0
6 1 1 0
6 1 3 1
6 1 4 1
6 1 4 0
6 1 5 1
6 1 5 3
6 1 5 1
6 1 5 1
6 1 6 2
6 1 7 18
6 1 7 0
6 1 9 0
6 2 11 4
6 1 11 3
6 2 12 2
6 2 16 4
6 2 16 5
6 2 18 16
6 2 19 6
6 2 19 4
6 2 19 9
6 2 21 20
6 2 22 12
6 2 22 18
6 2 23 9
6 2 23 15
6 2 24 20
6 2 25 46
6 2 25 21
6 2 25 8
6 2 26 14
6 2 26 11
6 2 27 22
6 2 28 23
6 2 30 39
6 2 32 12
6 2 33 21
6 2 33 27
6 2 33 23
6 2 34 12
6 2 34 16
6 2 37 45
6 2 38 14
6 2 39 42
6 2 39 98
7 1 0 1
7 1 0 4
7 1 1 0
7 1 1 2
7 1 1 0
7 1 1 1
7 1 1 3
7 1 1 0
7 1 2 0
7 1 3 5
7 1 3 0
7 1 3 2
7 1 3 0
7 1 4 0
7 1 4 5
7 1 6 13
7 1 6 5
7 1 7 16
7 1 7 4
7 6 9 10
7 6 9 8
7 6 10 13
7 6 10 18
7 6 10 3
7 6 11 11
7 6 11 10
7 6 11 4
7 6 12 12
7 6 13 13
7 6 13 5
7 6 14 22
7 6 14 11
7 6 15 20
7 6 15 8
7 6 15 12
7 6 16 13
7 6 16 7
7 6 17 26
7 6 18 34
7 6 18 7
7 6 18 43
7 6 19 35
7 6 19 8
7 6 19 36
7 2 24 54
7 6 24 39
7 6 31 42
7 6 33 48
7 6 36 25
8 1 1 1
8 1 1 0
8 1 1 0
8 1 2 1
8 1 3 0
8 1 3 0
8 1 4 28
8 1 5 6
8 21 5 14
8 1 6 13
8 1 7 6
8 1 9 3
8 25 10 33
8 25 12 34
8 10 13 5
8 25 14 64
8 10 15 20
8 10 15 3
8 10 16 11
8 10 16 13
8 10 17 11
8 10 18 5
8 10 19 24
8 10 20 29
8 10 20 9
8 10 21 28
8 10 22 10
8 10 24 28
8 10 24 16
8 10 24 2
8 10 24 2
8 10 25 35
8 10 27 36
8 10 27 26
8 10 28 36
8 10 29 27
8 10 29 57
8 10 30 108
8 10 30 101
9 1 0 4
9 1 0 7
9 1 1 0
9 1 1 1
9 1 2 0
9 1 3 1
9 1 3 1
9 1 4 1
9 1 5 1
9 1 7 0
9 11 12 1
9 11 15 8
9 11 15 2
9 11 17 4
9 11 18 9
9 11 19 1
9 11 20 10
9 11 20 5
9 11 21 26
9 11 21 25
9 11 21 5
9 11 22 49
9 11 22 17
9 11 22 25
9 11 22 3
9 11 22 6
9 11 22 9
9 11 24 3
9 11 24 9
9 11 25 26
9 11 25 15
9 11 25 15
9 11 26 8
9 11 27 55
10 1 0 1
10 1 0 1
10 1 1 2
10 1 1 0
10 1 1 0
10 1 1 1
10 1 1 0
10 1 1 1
10 1 2 8
10 1 3 2
10 1 3 1
10 1 4 10
10 1 4 0
10 1 4 0
10 1 5 2
10 1 5 0
10 1 7 3
10 20 8 13
10 1 8 5
10 20 8 12
10 20 9 21
10 1 9 5
10 20 10 37
10 20 10 18
10 20 10 28
10 20 11 30
10 20 12 30
10 20 13 36
10 20 13 19
10 20 14 56
10 20 15 117
11 1 1 0
11 1 2 2
11 1 3 1
11 1 3 0
11 1 4 0
11 1 4 1
11 1 5 1
11 1 9 7
11 25 14 30
11 18 14 21
11 18 14 9
11 18 15 18
11 18 15 19
11 18 15 9
11 25 16 30
11 18 17 12
11 18 17 10
11 18 18 16
11 18 19 27
11 18 21 9
11 18 21 37
11 18 22 34
11 18 22 45
11 18 22 36
11 25 22 14
11 25 24 15
11 18 24 78
11 18 25 53
11 18 26 36
12 1 1 0
12 1 3 0
12 1 3 0
12 1 4 28
12 1 4 10
12 1 4 0
12 1 4 2
12 1 5 6
12 16 9 2
12 16 11 4
12 16 12 2
12 16 12 0
12 16 13 3
12 16 14 13
12 16 15 9
12 16 15 6
12 16 16 6
12 16 17 47
12 16 18 33
12 16 18 12
12 16 18 25
12 16 19 65
12 16 20 17
12 16 20 21
12 16 21 12
12 16 21 30
12 16 23 61
12 16 24 26
12 31 25 23
13 1 0 10
13 1 0 3
13 1 0 1
13 1 0 3
13 1 0 1
13 1 0 1
13 1 0 1
13 1 0 1
13 1 1 35
13 1 1 5
13 1 1 7
13 1 1 18
13 1 1 1
13 1 1 1
13 1 1 1
13 1 2 37
13 9 2 42
13 1 2 11
13 1 2 6
13 1 3 16
13 1 3 25
13 1 3 4
13 1 3 14
13 1 4 59
13 1 5 9
13 1 5 27
13 1 5 4
13 1 6 13
14 1 0 5
14 1 1 48
14 1 1 8
14 1 1 4
14 1 1 23
14 1 1 8
14 1 1 12
14 1 1 2
14 1 1 7
14 1 1 4
14 1 1 1
14 1 1 0
14 1 1 0
14 1 1 5
14 1 2 19
14 1 2 19
14 1 2 4
14 1 2 0
14 1 3 13
14 1 3 19
14 1 3 13
14 1 3 4
14 1 3 25
14 1 3 7
14 5 4 73
14 1 5 28
14 1 6 12
15 1 1 4
15 1 1 1
15 1 2 1
15 1 3 7
15 1 3 0
15 1 4 1
15 1 7 4
15 21 10 11
15 21 12 9
15 21 13 22
15 21 13 13
15 26 14 14
15 26 16 21
15 21 16 23
15 26 17 20
15 26 17 19
15 26 17 41
15 26 18 22
15 21 19 62
15 21 19 96
15 21 19 74
15 25 19 62
15 21 20 42
15 21 20 3
15 26 21 93
15 21 23 103
16 20 0 16
16 1 0 2
16 1 0 4
16 1 0 2
16 21 0 12
16 1 0 2
16 1 1 7
16 1 1 0
16 10 2 60
16 15 2 16
16 1 2 2
16 1 2 1
16 1 3 6
16 14 8 26
16 14 9 15
16 14 10 25
16 23 11 41
16 14 11 37
16 14 12 38
16 14 12 33
16 14 12 30
16 14 12 16
16 14 13 29
16 14 13 74
16 14 17 134
17 1 0 2
17 1 1 0
17 1 3 0
17 1 4 3
17 1 4 1
17 1 7 1
17 19 10 1
17 19 10 9
17 19 11 3
17 19 13 5
17 19 13 6
17 19 14 14
17 19 14 1
17 19 16 8
17 19 16 12
17 19 16 70
17 19 18 6
17 19 18 25
17 19 18 17
17 19 19 9
17 19 19 3
17 19 21 19
17 19 21 61
17 19 23 19
18 17 2 12
18 9 2 40
18 1 3 2
18 1 5 1
18 1 5 0
18 17 9 35
18 17 9 28
18 24 9 83
18 24 11 199
18 32 12 327
18 17 13 17
18 24 14 121
18 24 14 156
18 24 14 118
18 30 15 198
18 3 15 98
18 24 16 198
18 24 16 86
18 28 18 205
18 28 20 206
18 17 20 117
18 2 20 116
19 1 1 1
19 1 2 1
19 1 3 3
19 15 6 4
19 15 6 2
19 15 7 4
19 15 8 11
19 15 8 40
19 15 8 4
19 15 9 40
19 15 10 18
19 15 10 34
19 15 11 8
19 15 12 23
19 15 15 43
19 15 15 79
19 15 17 25
19 15 17 45
19 15 17 24
20 1 0 1
20 1 4 3
20 1 4 2
20 1 6 2
20 1 6 1
20 12 10 19
20 12 11 20
20 12 13 55
20 12 13 21
20 12 13 23
20 12 13 14
20 12 13 14
20 12 14 75
20 12 14 29
20 12 14 28
20 12 14 13
20 12 16 127
20 12 17 111
21 1 2 7
21 1 3 9
21 17 5 31
21 17 6 1
21 17 7 10
21 17 7 45
21 17 9 57
21 17 9 12
21 17 10 50
21 17 11 5
21 17 11 26
21 17 12 5
21 17 12 12
21 17 12 9
21 17 13 114
22 1 1 3
22 1 1 0
22 1 3 0
22 1 4 2
22 1 5 6
22 1 7 16
22 1 7 1
22 20 9 107
22 14 9 21
22 14 10 60
22 8 10 108
22 23 10 90
22 14 11 21
23 1 1 7
23 1 2 0
23 1 2 0
23 8 3 19
23 1 3 22
23 1 3 1
23 7 5 127
23 20 5 75
23 1 6 23
23 1 7 15
23 1 7 24
23 1 10 64
23 1 11 110
24 1 0 2
24 1 0 3
24 1 4 52
24 1 4 3
24 9 6 47
24 33 6 147
24 9 7 59
24 9 7 70
24 9 8 35
24 9 8 48
24 9 9 42
24 9 10 85
24 1 11 58
25 1 1 44
25 1 1 2
25 1 4 4
25 1 4 14
25 1 4 4
25 1 6 17
25 1 6 22
25 1 6 11
25 1 8 23
25 1 9 15
25 1 9 41
25 1 10 33
26 1 0 1
26 1 1 1
26 9 3 70
26 9 3 46
26 1 5 28
26 9 6 63
26 24 6 108
26 24 6 124
26 9 7 129
26 9 8 133
26 9 9 172
27 1 0 5
27 1 0 50
27 1 0 11
27 1 0 9
27 1 1 51
27 1 1 12
27 1 1 0
27 1 1 5
27 1 1 2
27 1 2 7
28 1 0 1
28 1 1 0
28 1 4 0
28 1 6 6
28 1 6 2
28 1 7 37
28 1 7 2
28 1 8 16
28 1 8 94
28 1 8 8
29 1 0 2
29 1 2 15
29 18 5 80
29 1 5 6
29 1 5 11
29 29 6 170
29 1 6 24
29 9 7 122
29 17 7 128
30 1 0 1
30 1 2 9
30 1 2 2
30 1 3 8
30 8 4 90
30 23 6 64
30 8 6 21
30 8 7 54
30 8 7 65
31 1 1 5
31 1 1 0
31 1 2 0
31 1 2 0
31 14 4 53
31 14 5 57
31 14 5 61
31 14 6 95
32 1 0 40
32 1 0 13
32 5 0 55
32 1 0 2
32 1 0 1
32 1 0 1
32 1 1 5
32 1 1 18
33 27 6 159
33 8 6 108
33 27 6 160
33 1 6 30
33 1 6 5
33 1 6 10
