1 1 0 1
1 1 0 1
1 1 1 0
1 1 1 0
1 6 1 1
1 1 1 0
1 1 1 1
1 6 1 0
1 8 1 0
1 1 1 0
1 1 1 0
1 6 1 0
1 6 2 1
1 6 2 0
1 6 2 0
1 1 2 0
1 1 3 0
1 6 3 0
1 8 3 0
1 1 4 0
1 1 4 0
1 1 4 1
1 6 4 0
1 5 4 1
1 1 4 1
1 6 4 0
1 6 5 0
1 8 5 0
1 6 5 2
1 8 5 0
1 8 6 2
1 1 6 1
1 1 6 3
1 8 6 0
1 8 6 0
1 1 7 0
1 1 7 2
1 1 8 1
1 1 8 14
1 8 8 1
1 1 9 2
1 6 9 0
1 1 10 3
1 6 11 5
1 1 11 1
1 6 12 4
1 6 12 1
1 6 12 4
1 8 12 0
1 1 13 20
1 1 13 2
1 1 13 2
1 6 13 3
1 8 14 6
1 6 14 12
1 1 14 4
1 6 14 1
1 1 14 3
1 6 14 5
1 8 15 15
1 1 15 0
1 6 16 12
1 1 16 5
1 1 16 16
1 6 17 5
1 6 17 7
1 6 17 12
1 1 17 0
1 8 18 4
1 1 18 0
1 1 19 54
1 1 19 4
1 1 20 35
1 8 20 5
1 1 21 38
1 1 22 3
1 8 22 7
1 8 23 8
1 1 23 7
1 8 23 3
1 1 23 0
1 1 24 9
1 6 26 14
1 1 26 3
1 6 27 22
1 1 27 12
1 8 27 30
1 1 28 46
1 1 28 4
1 1 30 31
1 1 31 12
1 1 34 31
1 1 34 43
1 1 34 14
1 1 36 31
1 1 37 16
1 1 39 10
1 1 40 28
1 1 40 74
1 1 43 43
1 1 44 14
1 1 47 10
1 1 60 57
2 8 0 1
2 5 1 0
2 7 1 0
2 5 1 0
2 7 1 0
2 7 2 1
2 5 3 0
2 5 4 1
2 5 5 0
2 5 6 0
2 1 6 0
2 1 7 2
2 5 9 0
2 5 10 0
2 7 10 1
2 5 10 0
2 7 10 0
2 5 11 2
2 5 11 1
2 5 11 0
2 7 11 0
2 7 11 1
2 1 11 1
2 1 12 3
2 5 13 0
2 7 13 0
2 7 13 0
2 5 13 6
2 1 14 3
2 5 15 0
2 5 17 1
2 7 17 0
2 5 17 1
2 7 17 0
2 7 17 0
2 7 17 1
2 5 17 2
2 7 18 1
2 7 19 6
2 5 19 0
2 7 19 0
2 1 19 5
2 7 19 0
2 5 19 0
2 1 20 0
2 1 20 46
2 5 21 0
2 7 21 0
2 5 21 2
2 7 21 1
2 1 23 70
2 5 23 3
2 5 23 0
2 5 23 0
2 7 23 0
2 7 25 6
2 7 25 4
2 5 25 2
2 1 25 18
2 5 25 3
2 5 26 0
2 1 26 11
2 1 27 12
2 7 27 2
2 7 29 0
2 7 30 4
2 7 30 6
2 5 32 0
2 5 32 0
2 7 32 3
2 7 34 3
2 7 34 4
2 5 35 1
2 7 36 2
2 7 37 1
2 5 38 0
2 7 38 0
2 7 39 5
2 5 39 2
2 5 39 3
2 7 40 8
2 5 41 4
2 5 42 6
2 5 43 2
2 5 46 4
2 1 47 18
2 1 51 24
2 1 54 19
2 1 57 8
2 7 60 3
3 4 0 1
3 8 1 0
3 8 1 0
3 3 1 0
3 8 1 0
3 8 2 2
3 1 2 10
3 1 2 4
3 9 2 0
3 3 3 4
3 9 3 0
3 8 3 2
3 12 3 7
3 12 3 6
3 9 3 1
3 9 3 3
3 14 3 0
3 6 3 3
3 6 3 2
3 1 4 20
3 9 4 2
3 3 5 6
3 1 5 10
3 3 7 6
3 3 7 7
3 3 7 7
3 3 7 5
3 3 8 3
3 3 8 8
3 8 9 2
3 3 9 0
3 3 9 0
3 3 10 2
3 3 13 8
3 3 13 4
3 3 13 8
3 3 14 4
3 3 14 2
3 3 14 2
3 3 15 25
3 3 15 7
3 3 15 9
3 3 15 34
3 3 16 3
3 3 17 12
3 3 17 5
3 3 18 13
3 3 18 17
3 8 19 23
3 3 21 12
3 3 21 12
3 3 22 17
3 3 23 10
3 3 25 19
3 3 26 35
3 3 26 21
3 3 31 8
3 3 37 24
3 3 37 11
3 3 40 22
4 6 0 1
4 8 0 2
4 1 1 0
4 7 1 2
4 2 1 1
4 1 2 4
4 2 2 2
4 2 2 0
4 2 2 0
4 8 2 5
4 2 2 1
4 2 2 1
4 2 2 0
4 2 3 1
4 3 3 8
4 2 3 0
4 2 3 1
4 2 3 0
4 1 3 2
4 2 3 0
4 2 5 4
4 2 5 0
4 2 6 6
4 2 6 1
4 2 7 3
4 1 7 13
4 2 7 2
4 3 8 14
4 2 8 4
4 2 8 1
4 2 9 3
4 2 9 5
4 2 10 11
4 1 11 13
4 1 11 12
4 2 11 6
4 2 12 3
4 2 12 1
4 2 13 3
4 2 14 8
4 2 14 2
4 2 16 4
4 2 17 3
4 2 18 4
4 2 19 3
4 1 23 39
4 1 24 55
4 2 26 8
4 2 28 12
4 1 29 16
4 2 30 23
4 2 38 23
5 3 0 1
5 13 0 1
5 14 0 1
5 14 1 0
5 14 1 0
5 12 1 0
5 12 1 0
5 14 1 0
5 12 2 0
5 14 2 0
5 12 3 1
5 12 4 0
5 12 4 0
5 12 7 3
5 12 7 0
5 12 7 1
5 12 9 0
5 13 9 5
5 14 9 0
5 14 10 0
5 14 11 1
5 12 11 1
5 14 13 2
5 14 13 0
5 14 14 1
5 12 17 4
5 12 18 2
5 14 19 0
5 14 19 0
5 14 19 0
5 14 20 0
5 14 20 2
5 12 23 4
5 12 23 5
5 1 24 22
5 14 24 4
5 12 24 6
5 12 24 4
5 14 25 3
5 14 26 4
5 12 27 13
5 14 27 1
5 14 29 2
5 12 30 22
5 12 30 5
5 12 31 6
5 12 34 14
5 12 34 14
5 1 35 34
6 8 0 1
6 1 0 4
6 9 1 0
6 1 1 2
6 9 1 0
6 9 1 1
6 9 1 0
6 6 1 0
6 6 2 0
6 1 3 4
6 9 3 0
6 9 3 2
6 9 3 0
6 9 4 0
6 1 4 2
6 1 6 13
6 6 6 5
6 9 7 7
6 9 7 4
6 9 9 8
6 1 9 5
6 9 10 10
6 1 10 9
6 9 10 2
6 6 11 9
6 9 11 3
6 9 11 3
6 9 12 6
6 1 13 12
6 9 13 5
6 1 14 16
6 9 14 5
6 8 15 17
6 9 15 2
6 9 15 7
6 9 16 8
6 9 16 3
6 6 17 18
6 1 18 19
6 9 18 2
6 1 18 25
6 1 19 25
6 9 19 3
6 1 19 23
6 4 24 43
6 1 24 35
6 1 31 28
6 9 33 14
6 9 36 6
7 4 1 0
7 4 1 0
7 4 1 0
7 4 1 0
7 4 3 1
7 4 4 1
7 4 4 0
7 4 5 1
7 4 5 2
7 4 5 1
7 4 5 1
7 4 6 2
7 1 7 14
7 4 7 0
7 4 9 0
7 4 11 2
7 4 11 1
7 4 12 2
7 4 16 2
7 4 16 2
7 4 18 15
7 4 19 4
7 4 19 2
7 4 19 6
7 4 21 15
7 4 22 8
7 4 22 3
7 4 23 4
7 4 23 9
7 4 24 11
7 4 25 22
7 4 25 9
7 4 25 6
7 4 26 8
7 4 26 7
7 4 27 14
7 4 28 16
7 4 30 31
7 4 32 8
7 4 33 18
7 4 33 19
7 4 33 13
7 4 34 11
7 4 34 9
7 4 37 9
7 4 38 6
7 4 39 24
7 1 39 78
8 1 1 0
8 1 1 0
8 1 2 0
8 1 3 0
8 1 3 0
8 1 4 18
8 1 5 3
8 1 5 13
8 1 6 7
8 1 7 5
8 1 9 1
8 11 10 24
8 1 12 23
8 1 13 0
8 1 14 34
8 1 15 17
8 1 15 0
8 1 16 7
8 1 16 9
8 1 17 8
8 1 18 1
8 1 19 14
8 1 20 15
8 1 20 6
8 1 21 18
8 1 22 2
8 1 24 15
8 1 24 3
8 1 24 0
8 1 24 0
8 1 25 13
8 1 27 18
8 1 27 18
8 1 28 21
8 1 29 12
8 1 29 34
8 1 30 56
8 1 30 40
9 1 0 2
9 10 1 0
9 10 1 0
9 10 2 0
9 10 3 0
9 10 3 0
9 10 4 0
9 10 5 0
9 10 7 0
9 10 12 0
9 10 15 4
9 10 15 1
9 10 17 2
9 10 18 2
9 10 19 1
9 10 20 3
9 10 20 0
9 10 21 2
9 10 21 11
9 10 21 1
9 1 22 18
9 10 22 6
9 10 22 14
9 10 22 0
9 10 22 0
9 10 22 5
9 10 24 0
9 10 24 0
9 10 25 5
9 10 25 3
9 10 25 4
9 10 26 3
9 10 27 11
10 11 1 0
10 11 2 0
10 11 3 1
10 11 3 0
10 11 4 0
10 11 4 0
10 11 5 1
10 11 9 6
10 1 14 21
10 11 14 14
10 11 14 6
10 11 15 11
10 11 15 15
10 11 15 8
10 11 16 15
10 11 17 7
10 11 17 5
10 11 18 13
10 11 19 22
10 11 21 6
10 11 21 31
10 11 22 20
10 11 22 28
10 11 22 21
10 11 22 10
10 11 24 7
10 1 24 42
10 11 25 25
10 11 26 23
11 15 1 0
11 13 3 0
11 13 3 0
11 1 4 18
11 13 4 3
11 13 4 0
11 13 4 1
11 13 5 3
11 15 9 0
11 15 11 2
11 15 12 0
11 15 12 0
11 13 13 1
11 13 14 1
11 13 15 2
11 13 15 2
11 13 16 5
11 13 17 11
11 13 18 7
11 15 18 1
11 13 18 16
11 1 19 21
11 13 20 6
11 13 20 2
11 13 21 0
11 13 21 8
11 13 23 19
11 13 24 6
11 13 25 7
12 2 1 0
12 2 1 0
12 2 1 0
12 2 1 0
12 2 1 1
12 2 2 1
12 2 3 0
12 2 3 0
12 5 4 6
12 2 4 0
12 2 4 0
12 2 5 1
12 2 5 0
12 2 7 2
12 2 8 9
12 2 8 1
12 2 8 4
12 2 9 13
12 2 9 2
12 1 10 12
12 2 10 5
12 2 10 15
12 1 11 9
12 8 12 19
12 1 13 16
12 1 13 5
12 1 14 27
12 1 15 59
13 11 1 4
13 1 1 0
13 1 2 0
13 3 3 5
13 1 3 0
13 1 4 1
13 1 7 4
13 1 10 7
13 1 12 4
13 1 13 12
13 1 13 7
13 1 14 8
13 1 16 14
13 1 16 12
13 1 17 13
13 1 17 10
13 1 17 33
13 1 18 16
13 1 19 40
13 1 19 49
13 1 19 42
13 1 19 41
13 1 20 21
13 1 20 1
13 1 21 59
13 1 23 44
14 1 0 7
14 1 0 2
14 6 0 3
14 8 0 1
14 1 0 1
14 12 0 1
14 1 1 19
14 3 1 4
14 14 1 3
14 1 1 5
14 1 1 1
14 6 1 1
14 1 2 15
14 1 2 36
14 1 2 6
14 3 2 5
14 1 3 3
14 1 3 16
14 1 3 2
14 1 3 8
14 1 4 25
14 8 5 7
14 1 5 5
14 13 5 3
14 1 6 9
15 9 0 1
15 1 1 14
15 1 1 1
15 1 1 7
15 1 1 1
15 6 1 2
15 15 1 0
15 6 1 4
15 8 1 1
15 1 1 0
15 3 1 0
15 3 1 4
15 1 2 4
15 1 2 10
15 3 2 1
15 3 2 0
15 6 3 9
15 3 3 13
15 12 3 1
15 15 3 1
15 1 3 19
15 6 3 4
15 1 4 44
15 1 5 10
15 1 6 2
