1 1 0 1
1 1 0 1
1 1 1 0
1 1 1 0
1 1 1 1
1 1 1 0
1 1 1 1
1 1 1 0
1 1 1 0
1 1 1 0
1 1 1 0
1 1 1 0
1 1 2 1
1 1 2 0
1 1 2 0
1 1 2 0
1 1 3 0
1 1 3 0
1 1 3 0
1 1 4 0
1 1 4 0
1 1 4 1
1 1 4 0
1 1 4 1
1 1 4 1
1 1 4 0
1 1 5 0
1 1 5 0
1 1 5 2
1 1 5 0
1 1 6 2
1 1 6 1
1 1 6 3
1 1 6 0
1 1 6 0
1 1 7 0
1 1 7 2
1 1 8 1
1 1 8 14
1 1 8 1
1 1 9 2
1 1 9 0
1 1 10 3
1 15 11 5
1 4 11 1
1 15 12 4
1 1 12 1
1 15 12 4
1 4 12 0
1 1 13 20
1 1 13 2
1 1 13 2
1 15 13 3
1 1 14 6
1 15 14 12
1 4 14 4
1 1 14 1
1 1 14 3
1 15 14 5
1 4 15 15
1 4 15 0
1 15 16 12
1 1 16 5
1 1 16 16
1 15 17 5
1 15 17 7
1 15 17 12
1 4 17 0
1 4 18 4
1 4 18 0
1 1 19 54
1 4 19 4
1 4 20 35
1 4 20 5
1 1 21 38
1 4 22 3
1 4 22 7
1 4 23 8
1 15 23 7
1 4 23 3
1 4 23 0
1 4 24 9
1 15 26 14
1 4 26 3
1 15 27 22
1 4 27 12
1 4 27 30
1 15 28 46
1 4 28 4
1 4 30 31
1 15 31 12
1 15 34 31
1 4 34 43
1 4 34 14
1 4 36 31
1 4 37 16
1 4 39 10
1 4 40 28
1 4 40 74
1 15 43 43
1 4 44 14
1 4 47 10
1 4 60 57
2 1 0 1
2 1 1 0
2 1 1 0
2 1 1 0
2 1 1 0
2 1 2 1
2 1 3 0
2 1 4 1
2 1 5 0
2 1 6 0
2 1 6 0
2 1 7 2
2 1 9 0
2 1 10 0
2 1 10 1
2 1 10 0
2 1 10 0
2 2 11 2
2 2 11 1
2 2 11 0
2 1 11 0
2 1 11 1
2 1 11 1
2 1 12 3
2 2 13 0
2 1 13 0
2 1 13 0
2 2 13 6
2 1 14 3
2 2 15 0
2 2 17 1
2 1 17 0
2 2 17 1
2 1 17 0
2 1 17 0
2 1 17 1
2 2 17 2
2 1 18 1
2 1 19 6
2 2 19 0
2 1 19 0
2 2 19 5
2 1 19 0
2 2 19 0
2 1 20 0
2 1 20 46
2 2 21 0
2 1 21 0
2 2 21 2
2 1 21 1
2 1 23 70
2 2 23 3
2 2 23 0
2 2 23 0
2 1 23 0
2 1 25 6
2 2 25 4
2 2 25 2
2 1 25 18
2 2 25 3
2 2 26 0
2 1 26 11
2 2 27 12
2 1 27 2
2 2 29 0
2 1 30 4
2 1 30 6
2 2 32 0
2 2 32 0
2 1 32 3
2 1 34 3
2 1 34 4
2 2 35 1
2 1 36 2
2 2 37 1
2 2 38 0
2 2 38 0
2 1 39 5
2 2 39 2
2 2 39 3
2 1 40 8
2 2 41 4
2 2 42 6
2 2 43 2
2 2 46 4
2 2 47 18
2 2 51 24
2 2 54 19
2 2 57 8
2 2 60 3
3 1 0 1
3 1 1 0
3 1 1 0
3 1 1 0
3 1 1 0
3 1 2 2
3 1 2 10
3 1 2 4
3 1 2 0
3 1 3 4
3 1 3 0
3 1 3 2
3 1 3 7
3 1 3 6
3 1 3 1
3 1 3 3
3 1 3 0
3 1 3 3
3 1 3 2
3 1 4 20
3 1 4 2
3 1 5 6
3 1 5 10
3 1 7 6
3 1 7 7
3 1 7 7
3 1 7 5
3 1 8 3
3 5 8 8
3 1 9 2
3 5 9 0
3 1 9 0
3 5 10 2
3 5 13 8
3 5 13 4
3 5 13 8
3 5 14 4
3 5 14 2
3 5 14 2
3 5 15 25
3 5 15 7
3 5 15 9
3 5 15 34
3 5 16 3
3 5 17 12
3 5 17 5
3 5 18 13
3 5 18 17
3 5 19 23
3 5 21 12
3 5 21 12
3 5 22 17
3 5 23 10
3 5 25 19
3 5 26 35
3 5 26 21
3 5 31 8
3 5 37 24
3 5 37 11
3 5 40 22
4 1 0 1
4 1 0 2
4 1 1 0
4 1 1 2
4 1 1 1
4 1 2 4
4 1 2 2
4 1 2 0
4 1 2 0
4 1 2 5
4 1 2 1
4 1 2 1
4 1 2 0
4 1 3 1
4 12 3 8
4 1 3 0
4 1 3 1
4 1 3 0
4 1 3 2
4 1 3 0
4 1 5 4
4 1 5 0
4 12 6 6
4 1 6 1
4 1 7 3
4 1 7 13
4 1 7 2
4 1 8 14
4 10 8 4
4 10 8 1
4 10 9 3
4 10 9 5
4 10 10 11
4 10 11 13
4 10 11 12
4 10 11 6
4 10 12 3
4 10 12 1
4 10 13 3
4 10 14 8
4 10 14 2
4 10 16 4
4 10 17 3
4 10 18 4
4 10 19 3
4 10 23 39
4 10 24 55
4 10 26 8
4 10 28 12
4 10 29 16
4 10 30 23
4 10 38 23
5 1 0 1
5 1 0 1
5 1 0 1
5 1 1 0
5 1 1 0
5 1 1 0
5 1 1 0
5 1 1 0
5 1 2 0
5 1 2 0
5 1 3 1
5 1 4 0
5 1 4 0
5 1 7 3
5 1 7 0
5 1 7 1
5 1 9 0
5 1 9 5
5 1 9 0
5 1 10 0
5 6 11 1
5 1 11 1
5 6 13 2
5 6 13 0
5 6 14 1
5 6 17 4
5 6 18 2
5 6 19 0
5 6 19 0
5 6 19 0
5 6 20 0
5 6 20 2
5 6 23 4
5 6 23 5
5 6 24 22
5 6 24 4
5 6 24 6
5 6 24 4
5 6 25 3
5 6 26 4
5 6 27 13
5 6 27 1
5 6 29 2
5 6 30 22
5 6 30 5
5 6 31 6
5 6 34 14
5 6 34 14
5 6 35 34
6 1 0 1
6 1 0 4
6 1 1 0
6 1 1 2
6 1 1 0
6 1 1 1
6 1 1 0
6 1 1 0
6 1 2 0
6 1 3 4
6 1 3 0
6 1 3 2
6 1 3 0
6 1 4 0
6 1 4 2
6 1 6 13
6 1 6 5
6 1 7 7
6 1 7 4
6 7 9 8
6 7 9 5
6 7 10 10
6 7 10 9
6 7 10 2
6 15 11 9
6 7 11 3
6 7 11 3
6 7 12 6
6 7 13 12
6 7 13 5
6 7 14 16
6 7 14 5
6 7 15 17
6 7 15 2
6 7 15 7
6 7 16 8
6 7 16 3
6 15 17 18
6 7 18 19
6 7 18 2
6 7 18 25
6 7 19 25
6 7 19 3
6 7 19 23
6 3 24 43
6 7 24 35
6 7 31 28
6 7 33 14
6 7 36 6
7 1 1 0
7 1 1 0
7 1 1 0
7 1 1 0
7 1 3 1
7 1 4 1
7 1 4 0
7 1 5 1
7 1 5 2
7 1 5 1
7 1 5 1
7 1 6 2
7 1 7 14
7 1 7 0
7 1 9 0
7 3 11 2
7 1 11 1
7 3 12 2
7 3 16 2
7 3 16 2
7 3 18 15
7 3 19 4
7 3 19 2
7 3 19 6
7 3 21 15
7 3 22 8
7 3 22 3
7 3 23 4
7 3 23 9
7 3 24 11
7 3 25 22
7 3 25 9
7 3 25 6
7 3 26 8
7 3 26 7
7 3 27 14
7 3 28 16
7 3 30 31
7 3 32 8
7 3 33 18
7 3 33 19
7 3 33 13
7 3 34 11
7 3 34 9
7 3 37 9
7 3 38 6
7 3 39 24
7 3 39 78
8 1 1 0
8 1 1 0
8 1 2 0
8 1 3 0
8 1 3 0
8 1 4 18
8 1 5 3
8 14 5 13
8 1 6 7
8 1 7 5
8 1 9 1
8 11 10 24
8 11 12 23
8 9 13 0
8 1 14 34
8 9 15 17
8 9 15 0
8 9 16 7
8 9 16 9
8 9 17 8
8 9 18 1
8 9 19 14
8 9 20 15
8 9 20 6
8 9 21 18
8 9 22 2
8 9 24 15
8 9 24 3
8 9 24 0
8 9 24 0
8 9 25 13
8 9 27 18
8 9 27 18
8 9 28 21
8 9 29 12
8 9 29 34
8 9 30 56
8 9 30 40
9 1 0 2
9 1 1 0
9 1 1 0
9 1 2 0
9 1 3 0
9 1 3 0
9 1 4 0
9 1 5 0
9 1 7 0
9 8 12 0
9 8 15 4
9 8 15 1
9 8 17 2
9 8 18 2
9 8 19 1
9 8 20 3
9 8 20 0
9 8 21 2
9 8 21 11
9 8 21 1
9 8 22 18
9 8 22 6
9 8 22 14
9 8 22 0
9 8 22 0
9 8 22 5
9 8 24 0
9 8 24 0
9 8 25 5
9 8 25 3
9 8 25 4
9 8 26 3
9 8 27 11
10 1 1 0
10 1 2 0
10 1 3 1
10 1 3 0
10 1 4 0
10 1 4 0
10 1 5 1
10 1 9 6
10 11 14 21
10 11 14 14
10 11 14 6
10 11 15 11
10 11 15 15
10 11 15 8
10 11 16 15
10 11 17 7
10 11 17 5
10 11 18 13
10 11 19 22
10 11 21 6
10 11 21 31
10 11 22 20
10 11 22 28
10 11 22 21
10 11 22 10
10 11 24 7
10 11 24 42
10 11 25 25
10 11 26 23
11 1 1 0
11 1 3 0
11 1 3 0
11 1 4 18
11 1 4 3
11 1 4 0
11 1 4 1
11 1 5 3
11 13 9 0
11 13 11 2
11 13 12 0
11 13 12 0
11 13 13 1
11 13 14 1
11 13 15 2
11 13 15 2
11 13 16 5
11 13 17 11
11 13 18 7
11 13 18 1
11 13 18 16
11 13 19 21
11 13 20 6
11 13 20 2
11 13 21 0
11 13 21 8
11 13 23 19
11 13 24 6
11 13 25 7
12 1 1 0
12 1 1 0
12 1 1 0
12 1 1 0
12 1 1 1
12 1 2 1
12 1 3 0
12 1 3 0
12 12 4 6
12 1 4 0
12 1 4 0
12 12 5 1
12 1 5 0
12 12 7 2
12 12 8 9
12 1 8 1
12 12 8 4
12 12 9 13
12 1 9 2
12 12 10 12
12 12 10 5
12 12 10 15
12 12 11 9
12 12 12 19
12 12 13 16
12 12 13 5
12 12 14 27
12 12 15 59
13 1 1 4
13 1 1 0
13 1 2 0
13 1 3 5
13 1 3 0
13 1 4 1
13 1 7 4
13 14 10 7
13 14 12 4
13 14 13 12
13 14 13 7
13 14 14 8
13 14 16 14
13 14 16 12
13 14 17 13
13 14 17 10
13 14 17 33
13 14 18 16
13 14 19 40
13 14 19 49
13 14 19 42
13 14 19 41
13 14 20 21
13 14 20 1
13 14 21 59
13 14 23 44
14 1 0 7
14 1 0 2
14 1 0 3
14 1 0 1
14 1 0 1
14 1 0 1
14 1 1 19
14 1 1 4
14 1 1 3
14 1 1 5
14 1 1 1
14 1 1 1
14 1 2 15
14 12 2 36
14 1 2 6
14 1 2 5
14 1 3 3
14 12 3 16
14 1 3 2
14 1 3 8
14 1 4 25
14 1 5 7
14 1 5 5
14 1 5 3
14 1 6 9
15 1 0 1
15 1 1 14
15 1 1 1
15 1 1 7
15 1 1 1
15 1 1 2
15 1 1 0
15 1 1 4
15 1 1 1
15 1 1 0
15 1 1 0
15 1 1 4
15 1 2 4
15 1 2 10
15 1 2 1
15 1 2 0
15 1 3 9
15 12 3 13
15 1 3 1
15 1 3 1
15 12 3 19
15 1 3 4
15 5 4 44
15 1 5 10
15 1 6 2
